ID,gl_s_dga_ga_tot_n_none_c_c,gl_s_dga_ga_tot_s_none_c_c,gl_s_dga_gta_tot_n_none_c_c,gl_s_dga_gta_tot_s_none_c_c,gl_s_dga_rgla_tot_n_none_c_c,gl_s_dga_rgla_tot_s_none_c_c,gl_s_dga_gwe_tot_n_none_c_c,gl_s_dga_gwe_tot_s_none_c_c,gl_s_dga_gtwe_tot_n_none_c_c,gl_s_dga_gtwe_tot_s_none_c_c,gl_s_dga_rglwe_tot_n_none_c_c,gl_s_dga_rglwe_tot_s_none_c_c,gl_s_dga_galt_mean_n_none_c_c,gl_s_dga_galt_mean_s_none_c_c,gl_s_dga_gtalt_mean_n_none_c_c,gl_s_dga_gtalt_mean_s_none_c_c,gl_s_dga_rglalt_mean_n_none_c_c,gl_s_dga_rglalt_mean_s_none_c_c
1001001,304926,37926,96635,18487,73548,118214,5673698,850714,1116634,107737,388313,864864,6055,5862,6070,5795,4958,4851
1001002,392945,37926,96635,118035,210995,1066042,7311444,850714,1116634,1023272,1036236,6609395,6055,5862,6070,5688,5029,4996
1001003,392945,37926,96635,118035,190091,995974,7311444,850714,1116634,1023272,953836,6244879,6055,5862,6070,5688,5048,4997
1020002,0,3224815,336186,242655,471914,320077,0,82397890,3979332,2486864,3263188,2640223,0,5850,5889,5711,5178,5003
1020003,0,3224815,336186,242655,471914,402109,0,82397890,3979332,2486864,3263188,3054289,0,5850,5889,5711,5178,5000
1021001,0,4012583,488459,691526,2838877,8076264,0,96658903,5714856,7681819,22279931,77348471,0,5847,5888,5769,5043,5009
1021002,0,0,8230,155343,263842,346738,0,0,86952,1965673,2018437,2094800,0,0,5851,5837,4835,4816
1041002,0,0,0,0,161967,152960,0,0,0,0,1325917,1096258,0,0,0,0,4808,4734
1044001,0,306230,28974,44590,105174,2013013,0,4861423,165153,235920,518133,17394863,0,5815,5912,5828,5273,5121
1050002,0,0,0,0,0,0,0,0,0,0,0,0,0,0,0,0,0,0
1050004,0,0,0,0,27748,902429,0,0,0,0,120999,7701346,0,0,0,0,5120,5060
1201001,0,0,0,0,150664,935869,0,0,0,0,748009,6911743,0,0,0,0,4987,4913
1201003,0,0,0,31792,632781,4265248,0,0,0,180067,3731618,36464195,0,0,0,5561,5066,4945
1201005,0,0,0,20462,319957,1937014,0,0,0,123651,2058867,19264219,0,0,0,5648,5113,5060
1210001,0,0,0,31792,737960,6275439,0,0,0,180067,4239002,53267711,0,0,0,5561,5108,4977
1211001,0,0,0,31792,737960,6275439,0,0,0,180067,4239002,53267711,0,0,0,5561,5108,4977
1300009,0,0,0,0,266733,3079266,0,0,0,0,1614175,22538360,0,0,0,0,4719,4752
1310002,0,0,0,0,266897,3594549,0,0,0,0,1615160,25354457,0,0,0,0,4719,4740
1410004,0,0,0,0,0,536934,0,0,0,0,0,4142144,0,0,0,0,0,4716
1502002,0,0,0,0,375017,4600863,0,0,0,0,2905978,52086995,0,0,0,0,4983,4871
1502008,0,0,0,0,374735,4597389,0,0,0,0,2903801,52047681,0,0,0,0,4983,4871
1610004,0,0,0,0,518223,2482746,0,0,0,0,4260314,19733296,0,0,0,0,5045,4931
1730002,0,0,0,0,17272,431425,0,0,0,0,63589,2809263,0,0,0,0,5184,5014
1730003,0,0,0,0,27748,1117088,0,0,0,0,120999,8835830,0,0,0,0,5120,5029
1730007,0,0,0,0,17272,216767,0,0,0,0,63589,1674779,0,0,0,0,5184,5125
1730012,0,0,0,0,17272,431425,0,0,0,0,63589,2809263,0,0,0,0,5184,5014
2101001,0,0,0,17120,433870,388814,0,0,0,91481,2926170,2232002,0,0,0,6100,5172,5026
2103001,0,0,0,35676,390270,1882097,0,0,0,227580,2333441,16205425,0,0,0,5890,4983,4943
2103002,0,0,0,35676,390270,2206991,0,0,0,227580,2333441,19628888,0,0,0,5890,4983,4922
2103014,0,0,0,0,0,0,0,0,0,0,0,0,0,0,0,0,0,0
2104002,0,0,0,52786,902873,3155595,0,0,0,319010,5607613,25334449,0,0,0,5958,5076,4936
2104003,0,0,0,52786,902873,3155595,0,0,0,319010,5607613,25334449,0,0,0,5958,5076,4936
2104013,0,0,0,54876,902873,3155595,0,0,0,331562,5607613,25334449,0,0,0,5962,5076,4936
2105001,0,0,0,0,378494,1601780,0,0,0,0,2097393,13312476,0,0,0,0,4974,4890
2105002,0,0,0,0,378404,1601780,0,0,0,0,2096975,13312476,0,0,0,0,4974,4890
2105005,0,0,0,0,559307,3727336,0,0,0,0,3166078,34867685,0,0,0,0,4893,4867
2105007,0,0,0,0,87849,773107,0,0,0,0,431603,6026862,0,0,0,0,4862,4962
2110001,0,0,0,52786,1462180,6882931,0,0,0,319010,8773690,60202134,0,0,0,5958,5006,4898
2110002,0,0,0,52786,1462180,6882931,0,0,0,319010,8773690,60202134,0,0,0,5958,5006,4898
2110004,0,0,0,52786,1462180,6882931,0,0,0,319010,8773690,60202134,0,0,0,5958,5006,4898
2110031,0,0,0,52786,1462180,6882931,0,0,0,319010,8773690,60202134,0,0,0,5958,5006,4898
2112005,0,0,0,52818,1463154,6887567,0,0,0,319200,8779461,60242588,0,0,0,5958,5006,4898
2112006,0,0,0,52818,1463154,6887567,0,0,0,319200,8779461,60242588,0,0,0,5958,5006,4898
2112007,0,0,0,52818,1463154,6887567,0,0,0,319200,8779461,60242588,0,0,0,5958,5006,4898
2113001,0,0,0,0,0,0,0,0,0,0,0,0,0,0,0,0,0,0
2120001,0,0,0,54908,1508174,8824749,0,0,0,331758,8964049,75119340,0,0,0,5962,5010,4909
2510001,0,0,0,0,418364,144825,0,0,0,0,3880041,1139279,0,0,0,0,4858,4757
3022001,1403669,4111880,1392213,7514144,2795814,811405,32736750,71790232,11357009,77654816,42631277,7099583,6310,5894,6137,5873,4968,4910
3041001,0,0,0,51081,0,0,0,0,0,427885,0,0,0,0,0,5804,0,0
3041002,0,0,0,0,128712,0,0,0,0,0,788242,0,0,0,0,0,4830,0
3041003,0,284523,0,454559,258044,435444,0,4400216,0,3469915,2051497,3886380,0,5520,0,5503,4956,4807
3041004,0,284523,0,600393,386757,435444,0,4400216,0,4832418,2839740,3886380,0,5520,0,5534,4914,4807
3041005,1403669,3472868,1321701,6292056,855601,375961,32736750,61460698,10819438,67757704,12487435,3213204,6310,5930,6149,5920,5424,5030
3050001,0,254121,0,273871,69117,144515,0,3930041,0,1794392,417493,950876,0,5520,0,5258,4681,4713
3404001,0,0,34466,835361,187102,2109028,0,0,196109,7586952,1117172,22543848,0,0,5421,5540,4733,4716
3414001,5107461,4774247,2556,928165,6307666,10986052,201534477,131904786,7350,8491595,67052629,135125020,5415,5270,5411,5292,4593,4473
3421001,2535,4665737,95041,321716,261704,114138,52563,116521634,993698,2873124,1920815,569625,5315,5227,5153,5164,4292,4379
3430001,5109996,9439984,132063,2085243,6756472,13209218,201587039,248426420,1197158,18951671,70090615,158238493,5415,5249,5228,5371,4585,4511
3430003,5109996,9439984,132063,2085243,6756472,13209218,201587039,248426420,1197158,18951671,70090615,158238493,5415,5249,5228,5371,4585,4511
3431001,5109996,9439984,132063,2085243,6756472,13209218,201587039,248426420,1197158,18951671,70090615,158238493,5415,5249,5228,5371,4585,4511
3434003,5109996,9439984,132063,2085243,6756472,13209218,201587039,248426420,1197158,18951671,70090615,158238493,5415,5249,5228,5371,4585,4511
3450001,5109996,9439984,132063,2085243,6756472,13209218,201587039,248426420,1197158,18951671,70090615,158238493,5415,5249,5228,5371,4585,4511
3453001,5109996,9439984,132063,2085243,6756472,13209218,201587039,248426420,1197158,18951671,70090615,158238493,5415,5249,5228,5371,4585,4511
3802001,0,1724725,82740,2117679,4389405,8809579,0,41178252,546986,20051589,39918940,87123710,0,5107,5453,5231,4509,4476
3804002,0,2855529,137148,2445628,7381300,14007711,0,69801069,1013172,23136911,62408454,131734674,0,5167,5304,5221,4476,4415
3806001,0,2855529,137148,2445628,7381300,14007711,0,69801069,1013172,23136911,62408454,131734674,0,5167,5304,5221,4476,4415
3814003,0,2529990,1977,1763724,1295844,4888772,0,58028494,5189,17632189,8029723,35495781,0,5118,4832,5011,4410,4315
3815001,0,2529990,1977,1763724,1295844,4888772,0,58028494,5189,17632189,8029723,35495781,0,5118,4832,5011,4410,4315
3815002,0,2529990,1977,1763724,1295844,4888772,0,58028494,5189,17632189,8029723,35495781,0,5118,4832,5011,4410,4315
3820001,0,5385519,139125,4209352,8677144,18896483,0,127829563,1018361,40769100,70438177,167230455,0,5144,5297,5133,4467,4389
3820002,0,5385519,139125,4209352,8677144,18896483,0,127829563,1018361,40769100,70438177,167230455,0,5144,5297,5133,4467,4389
3820003,0,5385519,139125,4209352,8677144,18896483,0,127829563,1018361,40769100,70438177,167230455,0,5144,5297,5133,4467,4389
3825001,0,5385519,139125,4209352,8677144,18896483,0,127829563,1018361,40769100,70438177,167230455,0,5144,5297,5133,4467,4389
4301002,0,2879759,57317,585793,2546995,9221922,0,70626547,271294,5239881,26517149,100295177,0,4884,5531,5251,4564,4412
4302001,0,0,0,184194,0,511276,0,0,0,1483721,0,4092811,0,0,0,4789,0,4313
4308001,0,3259122,57317,1002251,5882818,16794168,0,77287607,271294,7985860,57004420,168413735,0,4995,5531,5134,4503,4378
4311001,0,0,0,4128,1937029,3285139,0,0,0,26250,22791492,29054070,0,0,0,4969,3998,4041
4313001,0,0,1840,96122,3098764,4833069,0,0,4706,551437,26911955,50437561,0,0,4432,4820,4224,4069
4314002,0,0,1840,100250,5035793,8287791,0,0,4706,577687,49703447,80629279,0,0,4432,4826,4137,4059
4320001,0,3259122,59157,1102501,10918612,25081959,0,77287607,276001,8563547,106707867,249043014,0,4995,5497,5106,4334,4272
4323001,0,3259122,59157,1102501,10918612,25081959,0,77287607,276001,8563547,106707867,249043014,0,4995,5497,5106,4334,4272
4501001,0,2248754,0,299552,2046589,10912267,0,54592345,0,1814052,19506994,122264210,0,4746,0,4754,4197,4100
4503001,0,2250016,0,299720,2047676,11310807,0,54623024,0,1815073,19517457,124531061,0,4746,0,4754,4197,4092
4511002,0,0,0,0,0,1542295,0,0,0,0,0,9542633,0,0,0,0,0,3789
4512001,0,0,0,0,179766,13693,0,0,0,0,1527652,46408,0,0,0,0,3525,3599
4513001,0,0,0,0,179766,1556781,0,0,0,0,1527652,9593941,0,0,0,0,3525,3787
4514001,0,0,0,0,639490,1673333,0,0,0,0,5827919,11205046,0,0,0,0,3887,3652
4515002,0,0,0,0,639796,1674156,0,0,0,0,5830699,11210570,0,0,0,0,3887,3652
4520001,0,0,0,0,350807,4683368,0,0,0,0,2432348,42080950,0,0,0,0,4050,3918
4522002,0,0,0,0,411343,6336725,0,0,0,0,2780956,53926948,0,0,0,0,4042,3886
4523002,0,0,0,0,1230905,9567662,0,0,0,0,10139307,74731460,0,0,0,0,3886,3829
4530001,0,0,0,0,977033,259072,0,0,0,0,12790623,1829976,0,0,0,0,3621,3587
4531002,0,0,0,0,977033,259072,0,0,0,0,12790623,1829976,0,0,0,0,3621,3587
4532001,0,0,0,0,0,86994,0,0,0,0,0,447901,0,0,0,0,0,3644
4533002,0,0,0,0,0,0,0,0,0,0,0,0,0,0,0,0,0,0
4537001,0,0,0,0,977033,346066,0,0,0,0,12790623,2277877,0,0,0,0,3621,3601
4558001,0,2250016,0,299720,4255614,21224535,0,54623024,0,1815073,42447386,201540397,0,4746,0,4754,3975,3965
4703002,0,0,0,5290,694182,4951111,0,0,0,19726,6077070,37369794,0,0,0,4955,4049,3885
4704001,0,0,0,0,287400,2761678,0,0,0,0,1727511,21932589,0,0,0,0,3828,3737
4704002,0,0,0,0,287400,2284293,0,0,0,0,1727511,19261705,0,0,0,0,3828,3739
4711001,0,0,0,5293,981952,7715286,0,0,0,19736,7807844,59321299,0,0,0,4955,3984,3832
4712001,0,0,0,0,193833,1545458,0,0,0,0,1410352,10247322,0,0,0,0,3867,3794
4714001,0,0,0,0,0,0,0,0,0,0,0,0,0,0,0,0,0,0
4716004,0,0,0,5293,1175784,9260744,0,0,0,19736,9218197,69568621,0,0,0,4955,3965,3826
4721001,0,0,0,0,723878,2116572,0,0,0,0,5846348,18959560,0,0,0,0,3656,3567
4723001,0,0,0,0,758205,2315118,0,0,0,0,6007882,19960494,0,0,0,0,3662,3573
4726001,0,0,0,0,758205,2315118,0,0,0,0,6007882,19960494,0,0,0,0,3662,3573
4730001,0,0,0,5293,1933990,11575862,0,0,0,19736,15226079,89529115,0,0,0,4955,3846,3775
4810001,0,0,0,0,0,0,0,0,0,0,0,0,0,0,0,0,0,0
4810005,0,0,0,0,0,0,0,0,0,0,0,0,0,0,0,0,0,0
4810006,0,0,0,0,0,0,0,0,0,0,0,0,0,0,0,0,0,0
5100001,0,0,0,0,0,62346,0,0,0,0,0,290900,0,0,0,0,0,3362
5101001,0,0,0,0,0,0,0,0,0,0,0,0,0,0,0,0,0,0
5110002,0,0,0,0,0,62346,0,0,0,0,0,290900,0,0,0,0,0,3362
5120001,0,0,0,0,0,62346,0,0,0,0,0,290900,0,0,0,0,0,3362
5200001,0,0,0,0,19152,294757,0,0,0,0,73167,1848773,0,0,0,0,3588,3643
5221002,0,0,0,0,19152,294757,0,0,0,0,73167,1848773,0,0,0,0,3588,3643
5320001,0,0,0,0,0,0,0,0,0,0,0,0,0,0,0,0,0,0
5401003,9405161,13636340,566442,504797,9963549,4328032,404883482,421510894,5191833,5130691,170264006,37436493,4554,3954,4251,4167,3971,3755
5402001,23515369,4712796,166801,2129782,9218654,8566927,1563304402,116493122,1961016,26152203,108205129,77794087,4031,4236,4566,4217,4069,3779
5402015,1717714,1911291,164523,1353383,8419205,7625276,41160341,52501418,1942386,16984803,101071827,69375044,4352,4214,4569,4287,4072,3782
5403002,32920530,22618036,877111,3259324,19778591,17137841,1968187884,689577959,8902894,39588092,284079892,157334208,4180,3988,4280,4194,4020,3751
5406001,32920530,22618036,877111,3259324,21088175,19036845,1968187884,689577959,8902894,39588092,295516750,169556204,4180,3988,4280,4194,3995,3732
5410002,32920530,25606731,880160,3661499,37529424,43843421,1968187884,766454553,8912232,44052458,501954800,442962173,4180,3985,4282,4214,3996,3753
5410005,32920530,25606731,880160,3661499,37529424,43843421,1968187884,766454553,8912232,44052458,501954800,442962173,4180,3985,4282,4214,3996,3753
5411001,0,0,0,0,0,0,0,0,0,0,0,0,0,0,0,0,0,0
5414001,0,0,0,0,2232347,13473091,0,0,0,0,20539399,144373133,0,0,0,0,3887,3778
5421002,0,0,0,0,0,0,0,0,0,0,0,0,0,0,0,0,0,0
5423003,32939834,25621921,880680,3663578,39952707,59893848,1969341490,766908739,8917477,44077383,523887369,611704551,4180,3985,4282,4214,3988,3738
5701001,14167389,28075465,1672435,4065943,10964716,21433263,571970379,977534997,18425002,42538467,137504696,242823686,3998,3866,4194,3997,3781,3508
5701002,15205491,29094247,1672435,4069890,13272007,24462888,597458426,997510532,18425002,42578879,158944473,262334911,3973,3854,4194,3997,3746,3502
5702001,17284,47725050,331445,2940641,8323333,11207521,452150,1947367022,3186707,32111390,88299365,130397532,4901,4235,5330,4366,3761,3530
5703006,0,3333625,0,191381,1606480,787460,0,124128481,0,2087574,16474208,7294618,0,3709,0,3746,3768,3529
5704002,23477494,102539144,2770548,9834568,25319547,45889675,846077791,3865651598,29074320,107799797,283489097,497099985,4158,4055,4506,4090,3761,3561
5705001,25639512,53910855,1769987,3198440,15878098,20793106,1125075272,2101093421,18930922,33392188,259713121,292228274,4704,4424,5310,4883,4095,3892
5706001,8362304,64358208,276365,2095457,4424963,4111481,297146857,3565400329,2829280,24292062,47806139,34218454,4685,4459,4974,4401,4120,3872
5707002,34001816,118269063,2046351,5297745,21031721,29730654,1422222129,5666493751,21760202,57733643,314467764,396646355,4700,4443,5265,4692,4090,3843
5710001,57480903,220806115,4816899,15131979,46425800,75928356,2268346119,9532047793,50834522,165530703,598419411,895896156,4478,4263,4828,4301,3909,3671
5716001,0,0,0,5913,21045,562444,0,0,0,22937,83146,3233235,0,0,0,3532,3356,3317
5720001,0,1930512,0,169712,570182,3422868,0,44943846,0,2089537,5440097,28526477,0,4723,0,4740,3605,3865
5721001,50063,5811544,0,156762,2092444,2089415,2093948,162599533,0,1554273,36246569,17707085,4557,4256,0,4628,4115,3597
5721016,505,4235,0,0,2877529,5667037,11377,111888,0,0,39668921,66400284,4291,4366,0,0,3874,3645
5722001,0,0,0,0,133729,402462,0,0,0,0,583208,3025081,0,0,0,0,3449,3333
5722002,49771,7747177,0,326474,5540155,11179321,2071971,207695081,0,3643810,81355587,112633846,4554,4373,0,4686,3937,3703
5730008,0,0,0,0,0,0,0,0,0,0,0,0,0,0,0,0,0,0
5734001,0,0,0,0,0,0,0,0,0,0,0,0,0,0,0,0,0,0
5737002,49798,7751337,0,326649,5837714,12246595,2073090,207806756,0,3645768,82923661,119536049,4554,4373,0,4686,3913,3674
5741001,0,0,0,0,0,0,0,0,0,0,0,0,0,0,0,0,0,0
5746001,0,0,0,0,0,0,0,0,0,0,0,0,0,0,0,0,0,0
5748001,57568799,228696757,4819413,15474263,52314007,88785347,2271933646,9745812000,50863634,169305479,681808088,1019235465,4479,4267,4828,4309,3909,3669
6000003,0,1287665,180509,304191,3484512,774029,0,23394057,1465602,2668613,45934534,6950391,0,3333,3815,3485,3688,3320
6002001,27438726,26258008,1178095,2993703,5312326,1309770,1370819144,1177755781,12591407,27657992,71892524,10252521,3688,3629,3708,3514,3461,3243
6003001,27439189,57878941,1547711,5523069,10021553,2899177,1370828366,2700393125,15666724,56533717,134650524,25298325,3688,3561,3769,3564,3573,3263
6006001,1492200,20140290,615493,1921939,3638423,9306183,33207116,562674770,5272289,20032854,36379188,102804634,3940,3642,4468,3864,3942,3496
6008005,54618621,90412960,3142044,8201949,14020379,13245650,3119890986,3768789036,31586837,83552292,173641651,135454614,3683,3596,3917,3636,3666,3438
6011001,0,0,0,0,0,0,0,0,0,0,0,0,0,0,0,0,0,0
6013001,0,564,22327,562689,63534,400946,0,9221,114895,4797431,372431,2762380,0,3404,3612,3234,3296,3318
6015001,0,564,22327,562689,63534,400946,0,9221,114895,4797431,372431,2762380,0,3404,3612,3234,3296,3318
6018001,0,0,0,0,0,0,0,0,0,0,0,0,0,0,0,0,0,0
6019003,54645412,90462710,3166005,8774425,14091707,13653715,3121412229,3770856495,31718020,88414744,174110695,138290165,3683,3596,3915,3610,3665,3435
6027001,0,0,0,0,0,0,0,0,0,0,0,0,0,0,0,0,0,0
6028001,6123019,57998295,1153856,5752493,6886541,6260312,203301732,2997444562,11318404,60707787,96014532,76384327,3846,3690,4009,3634,3589,3130
6033011,0,0,0,0,0,0,0,0,0,0,0,0,0,0,0,0,0,0
6034022,0,0,0,0,0,0,0,0,0,0,0,0,0,0,0,0,0,0
6034023,6123019,57998295,1153856,5752493,6886541,6260312,203301732,2997444562,11318404,60707787,96014532,76384327,3846,3690,4009,3634,3589,3130
6035001,6123019,57998295,1153856,5752493,6886541,6260312,203301732,2997444562,11318404,60707787,96014532,76384327,3846,3690,4009,3634,3589,3130
6043001,0,0,0,0,0,0,0,0,0,0,0,0,0,0,0,0,0,0
6132001,0,0,0,0,0,0,0,0,0,0,0,0,0,0,0,0,0,0
7102005,0,0,166861,463234,13611,1288047,0,0,2115887,3437398,46031,10439240,0,0,3414,3071,3307,3118
7103001,1740006,1162854,46678,225792,0,0,40864947,20096986,337098,3236108,0,0,3404,3467,3604,3660,0,0
7104002,1740006,1162854,213539,689026,13611,1288047,40864947,20096986,2452985,6673507,46031,10439240,3404,3467,3455,3264,3307,3118
7112001,809305,4247611,33364,279457,0,0,19533196,102288936,204274,2030882,0,0,3329,3483,3457,3318,0,0
7115001,0,0,6031,351171,0,0,0,8,31646,3846682,0,0,0,2851,3070,3042,0,0
7116001,0,0,0,0,0,0,0,0,0,0,0,0,0,0,0,0,0,0
7123001,2549311,5410466,252934,1319654,13611,1288047,60398144,122385929,2688905,12551071,46031,10439240,3380,3480,3446,3216,3307,3118
7200002,0,0,0,0,0,0,0,0,0,0,0,0,0,0,0,0,0,0
7300001,0,0,0,0,0,0,0,0,0,0,0,0,0,0,0,0,0,0
7303000,0,529,23908,149346,0,359679,0,11383,99435,1212157,0,2413208,0,2850,2811,2811,0,2793
7306001,482456,2087878,145710,1853884,0,128905,8542549,36872131,941293,18256954,0,972855,3424,2858,3343,3066,0,3032
7308001,0,0,0,0,0,0,0,0,0,0,0,0,0,0,0,0,0,0
7308002,482456,2088484,435548,2003951,0,488584,8542549,36885092,3042483,19471484,0,3386063,3424,2858,3248,3047,0,2856
7317003,0,4907397,180723,717231,0,559973,0,98778107,1715630,6499463,0,4157322,0,2865,3238,2855,0,2505
7317005,0,4907397,180723,717231,0,559973,0,98778107,1715630,6499463,0,4157322,0,2865,3238,2855,0,2505
7320003,741898,2431168,151476,202358,0,0,13949250,61092522,1460488,1974832,0,0,3575,2993,3537,2919,0,0
7321002,1224354,9427050,767746,2923540,0,1048557,22491799,196755720,6218602,27945779,0,7543385,3515,2897,3303,2991,0,2668
7322001,1224354,9427050,767746,2923540,0,1048557,22491799,196755720,6218602,27945779,0,7543385,3515,2897,3303,2991,0,2668
7330001,0,0,0,0,0,0,0,0,0,0,0,0,0,0,0,0,0,0
7332001,0,0,0,0,0,0,0,0,0,0,0,0,0,0,0,0,0,0
7335001,0,0,0,0,0,0,0,0,0,0,0,0,0,0,0,0,0,0
7335002,0,0,0,0,0,0,0,0,0,0,0,0,0,0,0,0,0,0
7336001,0,0,0,0,0,0,0,0,0,0,0,0,0,0,0,0,0,0
7339001,0,0,0,0,0,0,0,0,0,0,0,0,0,0,0,0,0,0
7341001,0,0,0,0,0,0,0,0,0,0,0,0,0,0,0,0,0,0
7343001,0,0,0,0,0,0,0,0,0,0,0,0,0,0,0,0,0,0
7350001,0,0,137373,395216,0,0,0,0,1229015,4449575,0,0,0,0,2904,2787,0,0
7350002,0,0,0,0,0,0,0,0,0,0,0,0,0,0,0,0,0,0
7350003,0,0,137373,395216,0,0,0,0,1229015,4449575,0,0,0,0,2904,2787,0,0
7354002,0,365321,195929,1026368,0,0,0,6403716,1441571,9271789,0,0,0,2816,2898,2722,0,0
7355001,0,54513,43973,7723,0,0,0,1303849,206220,58461,0,0,0,2829,2787,2763,0,0
7355002,0,33343,43551,2456,0,0,0,798390,205329,18589,0,0,0,2829,2787,2763,0,0
7355003,0,33343,43551,2456,0,0,0,798390,205329,18589,0,0,0,2829,2787,2763,0,0
7357002,0,0,136520,394980,0,0,0,0,1220259,4448777,0,0,0,0,2903,2786,0,0
7358001,0,0,0,0,0,0,0,0,0,0,0,0,0,0,0,0,0,0
7359001,0,412948,376868,1424058,0,0,0,7586160,2876547,13742195,0,0,0,2818,2888,2740,0,0
7372001,0,0,0,0,0,0,0,0,0,0,0,0,0,0,0,0,0,0
7374001,0,0,0,0,0,0,0,0,0,0,0,0,0,0,0,0,0,0
7379002,0,0,0,0,0,0,0,0,0,0,0,0,0,0,0,0,0,0
7381001,0,0,0,0,0,0,0,0,0,0,0,0,0,0,0,0,0,0
7383001,1225218,9831901,1144550,4347970,0,1049300,22507671,204087451,9095932,41696825,0,7548679,3515,2893,3166,2909,0,2668
7400001,0,0,0,0,0,0,0,0,0,0,0,0,0,0,0,0,0,0
8104001,0,0,0,2276,0,0,0,0,0,7139,0,0,0,0,0,2598,0,0
8105001,0,9416,307383,386112,0,0,0,184173,2966198,3208091,0,0,0,2789,3007,2841,0,0
8106002,0,9416,385549,391717,0,0,0,184173,3681837,3235890,0,0,0,2789,3011,2840,0,0
8112001,0,0,0,0,0,0,0,0,0,0,0,0,0,0,0,0,0,0
8114001,0,0,0,0,0,0,0,0,0,0,0,0,0,0,0,0,0,0
8117005,0,678583,11285,86181,0,0,0,14356240,58387,575561,0,0,0,2855,2916,2713,0,0
8117006,0,678583,11285,86181,0,0,0,14356240,58387,575561,0,0,0,2855,2916,2713,0,0
8123001,0,0,0,0,0,0,0,0,0,0,0,0,0,0,0,0,0,0
8124001,0,0,0,0,0,0,0,0,0,0,0,0,0,0,0,0,0,0
8124002,0,0,0,0,0,0,0,0,0,0,0,0,0,0,0,0,0,0
8130001,0,0,0,265770,0,0,0,0,0,2382707,0,0,0,0,0,2878,0,0
8130002,0,0,0,75018,0,0,0,0,0,721149,0,0,0,0,0,2921,0,0
8132001,0,0,0,340821,0,0,0,0,0,3104174,0,0,0,0,0,2888,0,0
8134003,0,0,0,0,0,0,0,0,0,0,0,0,0,0,0,0,0,0
8135002,0,0,0,340821,0,0,0,0,0,3104174,0,0,0,0,0,2888,0,0
8140002,0,688003,396999,818897,0,0,0,14540496,3741804,6917063,0,0,0,2854,3008,2847,0,0
8141001,0,688003,396999,818897,0,0,0,14540496,3741804,6917063,0,0,0,2854,3008,2847,0,0
8144001,0,0,0,0,0,0,0,0,0,0,0,0,0,0,0,0,0,0
8210003,0,0,0,0,0,0,0,0,0,0,0,0,0,0,0,0,0,0
8220001,0,0,0,0,0,0,0,0,0,0,0,0,0,0,0,0,0,0
8220008,0,0,0,0,0,0,0,0,0,0,0,0,0,0,0,0,0,0
8220009,0,0,0,0,0,0,0,0,0,0,0,0,0,0,0,0,0,0
8220010,0,0,0,0,0,0,0,0,0,0,0,0,0,0,0,0,0,0
8304001,2727091,2120253,5621,234186,0,0,84784124,66443211,21429,3246629,0,0,2298,2225,2183,2207,0,0
8307002,2727091,2120253,5621,234186,0,0,84784124,66443211,21429,3246629,0,0,2298,2225,2183,2207,0,0
8308000,641475,618751,139594,413617,0,0,14473969,12633974,1285321,4339531,0,0,2802,2592,2579,2757,0,0
8312000,4065181,2763154,388325,730433,0,0,114097130,79469972,4400634,8198563,0,0,2420,2309,2532,2530,0,0
8312001,4121260,6218731,388325,1167496,0,0,115362467,162682264,4400634,13654130,0,0,2425,2487,2532,2498,0,0
8313000,121106,52972,404663,22717,0,0,2732595,1271386,3566744,297252,0,0,2802,2666,2593,2411,0,0
8313001,4121260,6218731,388325,1167496,0,0,115362467,162682264,4400634,13654130,0,0,2425,2487,2532,2498,0,0
8316002,0,0,0,0,0,0,0,0,0,0,0,0,0,0,0,0,0,0
8317001,4242366,6271702,797822,1201842,0,0,118095062,163953651,7981555,14007324,0,0,2436,2489,2565,2496,0,0
8317002,0,0,0,0,0,0,0,0,0,0,0,0,0,0,0,0,0,0
8317004,4242366,6271702,797822,1201842,0,0,118095062,163953651,7981555,14007324,0,0,2436,2489,2565,2496,0,0
8317005,4242366,6271702,797822,1201842,0,0,118095062,163953651,7981555,14007324,0,0,2436,2489,2565,2496,0,0
8319001,4243858,6274148,798123,1202344,0,0,118136439,164016617,7984514,14013124,0,0,2436,2489,2565,2496,0,0
8323001,3207,5874738,0,111668,0,0,96422,232728586,0,762402,0,0,2797,2705,0,2570,0,0
8323002,3207,5874738,0,111668,0,0,96422,232728586,0,762402,0,0,2797,2705,0,2570,0,0
8324002,0,0,0,0,0,0,0,0,0,0,0,0,0,0,0,0,0,0
8330001,0,0,0,0,0,0,0,0,0,0,0,0,0,0,0,0,0,0
8332001,0,0,0,0,0,0,0,0,0,0,0,0,0,0,0,0,0,0
8334001,4247065,12148886,798123,1314012,0,0,118232861,396745203,7984514,14775526,0,0,2436,2594,2565,2502,0,0
8342001,0,0,0,0,0,0,0,0,0,0,0,0,0,0,0,0,0,0
8343001,0,0,0,0,0,0,0,0,0,0,0,0,0,0,0,0,0,0
8351001,0,0,0,0,0,0,0,0,0,0,0,0,0,0,0,0,0,0
8356001,0,0,0,0,0,0,0,0,0,0,0,0,0,0,0,0,0,0
8358001,0,0,0,0,0,0,0,0,0,0,0,0,0,0,0,0,0,0
8362001,0,0,0,0,0,0,0,0,0,0,0,0,0,0,0,0,0,0
8366002,0,0,0,0,0,0,0,0,0,0,0,0,0,0,0,0,0,0
8372002,0,0,0,20187,0,0,0,0,0,96380,0,0,0,0,0,2778,0,0
8376001,0,607,0,54227,0,0,0,26040,0,456373,0,0,0,2726,0,2264,0,0
8380001,2960161,1651073,692376,1173982,0,0,78334100,40986010,7526894,12574819,0,0,2854,2581,2722,2614,0,0
8380006,2960161,1651073,692376,1173982,0,0,78334100,40986010,7526894,12574819,0,0,2854,2581,2722,2614,0,0
8381003,2960161,1651073,692376,1173982,0,0,78334100,40986010,7526894,12574819,0,0,2854,2581,2722,2614,0,0
8383001,2960161,1651073,692376,1173982,0,0,78334100,40986010,7526894,12574819,0,0,2854,2581,2722,2614,0,0
8393002,0,0,0,0,0,0,0,0,0,0,0,0,0,0,0,0,0,0
8394001,7207227,13799959,1490499,2487994,0,0,196566961,437731213,15511408,27350344,0,0,2608,2592,2638,2555,0,0
8700002,0,0,0,0,0,0,0,0,0,0,0,0,0,0,0,0,0,0
8700003,0,0,0,0,0,0,0,0,0,0,0,0,0,0,0,0,0,0
8720001,0,0,0,0,0,0,0,0,0,0,0,0,0,0,0,0,0,0
8820001,0,0,0,0,0,0,0,0,0,0,0,0,0,0,0,0,0,0
8821001,0,0,0,0,0,0,0,0,0,0,0,0,0,0,0,0,0,0
8821002,0,0,0,0,0,0,0,0,0,0,0,0,0,0,0,0,0,0
8821003,0,0,0,0,0,0,0,0,0,0,0,0,0,0,0,0,0,0
8821006,0,0,0,0,0,0,0,0,0,0,0,0,0,0,0,0,0,0
8822002,0,0,0,0,0,0,0,0,0,0,0,0,0,0,0,0,0,0
8910001,0,0,0,0,0,0,0,0,0,0,0,0,0,0,0,0,0,0
9101001,0,0,0,0,0,0,0,0,0,0,0,0,0,0,0,0,0,0
9101002,0,0,0,0,0,0,0,0,0,0,0,0,0,0,0,0,0,0
9102001,0,0,0,0,0,0,0,0,0,0,0,0,0,0,0,0,0,0
9104001,0,0,0,0,0,0,0,0,0,0,0,0,0,0,0,0,0,0
9104002,0,0,0,0,0,0,0,0,0,0,0,0,0,0,0,0,0,0
9106001,0,0,0,0,0,0,0,0,0,0,0,0,0,0,0,0,0,0
9107001,0,0,0,0,0,0,0,0,0,0,0,0,0,0,0,0,0,0
9113001,0,0,0,0,0,0,0,0,0,0,0,0,0,0,0,0,0,0
9116001,0,0,0,0,0,0,0,0,0,0,0,0,0,0,0,0,0,0
9122002,0,633754,204811,67870,0,0,0,10327558,2918386,377622,0,0,0,2409,2760,2396,0,0
9123001,1205385,652026,508063,253088,0,0,24574939,10930776,6242374,1691702,0,0,2350,2405,2534,2341,0,0
9126001,0,0,0,0,0,0,0,0,0,0,0,0,0,0,0,0,0,0
9127001,0,0,0,0,0,0,0,0,0,0,0,0,0,0,0,0,0,0
9129002,1205385,652026,508063,253088,0,0,24574939,10930776,6242374,1691702,0,0,2350,2405,2534,2341,0,0
9131001,1343636,5995650,2027,139507,0,0,36320703,217300704,24833,1673614,0,0,2276,2264,2398,2055,0,0
9134001,0,0,0,0,0,0,0,0,0,0,0,0,0,0,0,0,0,0
9135001,1343636,5995650,2027,139507,0,0,36320703,217300704,24833,1673614,0,0,2276,2264,2398,2055,0,0
9140001,2388483,6794627,508063,392595,0,0,56488083,232999482,6242374,3365316,0,0,2313,2276,2534,2239,0,0
9400000,3440986,3293886,0,179154,0,0,129679721,79736144,2,1836943,0,0,2250,2242,2183,2164,0,0
9402001,9737084,7884889,2247,546330,0,0,424502968,271423853,6172,6032654,0,0,2150,2155,2156,2110,0,0
9404001,9737084,8769052,2247,582744,0,0,424502968,291630853,6172,6244593,0,0,2150,2176,2156,2099,0,0
9405001,0,0,0,0,0,0,0,0,0,0,0,0,0,0,0,0,0,0
9412001,0,0,103624,0,0,0,0,0,739742,0,0,0,0,0,2866,0,0,0
9414001,34115,2062384,130524,246523,0,0,1597460,52349562,855116,1690282,0,0,2095,2196,2718,2108,0,0
9416001,0,0,0,0,0,0,0,0,0,0,0,0,0,0,0,0,0,0
9420001,13409354,2143654,192272,301646,0,0,638682458,53894262,1237909,2010594,0,0,2060,2201,2621,2102,0,0
9423001,13409354,2841247,192272,301646,0,0,638682458,67778977,1237909,2010594,0,0,2060,2228,2621,2102,0,0
9433001,0,0,0,0,0,0,0,0,0,0,0,0,0,0,0,0,0,0
9434001,0,0,0,0,0,0,0,0,0,0,0,0,0,0,0,0,0,0
9436001,0,0,0,0,0,0,0,0,0,0,0,0,0,0,0,0,0,0
9437002,23144080,11533858,195899,881975,0,0,1062935432,357819311,1249343,8296424,0,0,2098,2187,2613,2100,0,0
10100002,0,0,0,12922,0,0,0,0,0,126087,0,0,0,0,0,2045,0,0
10100006,0,0,0,12922,0,0,0,0,0,126087,0,0,0,0,0,2045,0,0
10102001,0,274833,0,136900,0,0,0,4847667,0,1025769,0,0,0,2182,0,2126,0,0
10111001,6233581,11994692,73299,497866,0,0,224094195,481688822,457775,4356555,0,0,2006,2082,2053,1959,0,0
10121001,0,0,0,0,0,0,0,0,0,0,0,0,0,0,0,0,0,0
10122001,6233581,11994692,73299,497866,0,0,224094195,481688822,457775,4356555,0,0,2006,2082,2053,1959,0,0
10122003,6233581,11994692,73299,497866,0,0,224094195,481688822,457775,4356555,0,0,2006,2082,2053,1959,0,0
10133000,0,0,0,0,0,0,0,0,0,0,0,0,0,0,0,0,0,0
10134001,0,0,0,0,0,0,0,0,0,0,0,0,0,0,0,0,0,0
10137001,0,0,0,0,0,0,0,0,0,0,0,0,0,0,0,0,0,0
10140001,0,0,0,0,0,0,0,0,0,0,0,0,0,0,0,0,0,0
10142003,0,0,0,0,0,0,0,0,0,0,0,0,0,0,0,0,0,0
10304001,116406,7150755,5254,674882,0,0,3854600,347898674,15668,7185396,0,0,2070,1966,1732,1913,0,0
10305001,0,0,0,0,0,0,0,0,0,0,0,0,0,0,0,0,0,0
10306001,0,2570337,36266,0,0,0,0,87269747,268996,0,0,0,0,1914,1966,0,0,0
10311001,116406,9721093,41520,675538,0,0,3854600,435168420,284664,7192451,0,0,2070,1952,1936,1913,0,0
10313001,0,0,0,0,0,0,0,0,0,0,0,0,0,0,0,0,0,0
10322003,0,0,52618,208600,0,0,0,0,259003,1816143,0,0,0,0,1970,1980,0,0
10327001,0,0,0,0,0,0,0,0,0,0,0,0,0,0,0,0,0,0
10328001,0,0,52618,372846,0,0,0,0,259003,3283884,0,0,0,0,1970,1948,0,0
10340001,281753,3309,112,68827,0,0,4627141,68452,418,652692,0,0,1946,1797,1967,1925,0,0
10343001,0,54024,35868,0,0,0,0,1627787,314658,0,0,0,0,2155,2106,0,0,0
10343002,0,54024,35868,0,0,0,0,1627787,314658,0,0,0,0,2155,2106,0,0,0
10344003,281874,57334,35980,68860,0,0,4629136,1696268,315077,652999,0,0,1946,2134,2106,1925,0,0
10344004,281874,57334,35980,68860,0,0,4629136,1696268,315077,652999,0,0,1946,2134,2106,1925,0,0
10351001,0,0,0,0,0,0,0,0,0,0,0,0,0,0,0,0,0,0
10356001,0,0,0,0,0,0,0,0,0,0,0,0,0,0,0,0,0,0
10362001,0,0,0,0,0,0,0,0,0,0,0,0,0,0,0,0,0,0
10363002,0,0,0,0,0,0,0,0,0,0,0,0,0,0,0,0,0,0
10364001,281874,57334,35980,68860,0,0,4629136,1696268,315077,652999,0,0,1946,2134,2106,1925,0,0
10401001,0,0,0,0,0,0,0,0,0,0,0,0,0,0,0,0,0,0
10405002,0,0,0,0,0,0,0,0,0,0,0,0,0,0,0,0,0,0
10405005,0,0,0,0,0,0,0,0,0,0,0,0,0,0,0,0,0,0
10411002,0,0,0,0,0,0,0,0,0,0,0,0,0,0,0,0,0,0
10414001,863430,103281,210410,57944,0,0,20033825,2353571,2762458,400718,0,0,2193,2009,1906,1893,0,0
10431000,0,15327,0,0,0,0,0,270328,0,0,0,0,0,1793,0,0,0,0
10431001,0,0,0,0,0,0,0,0,0,0,0,0,0,0,0,0,0,0
10432002,0,648349,9709,285081,0,0,0,10962503,132447,2903151,0,0,0,1827,1882,1712,0,0
10432003,0,0,0,505,0,0,0,0,0,5284,0,0,0,0,0,1712,0,0
10440000,0,0,0,0,0,0,0,0,0,0,0,0,0,0,0,0,0,0
10503001,306756,607853,216844,315233,0,0,4875474,15456333,1562758,2412853,0,0,1862,1885,1877,1713,0,0
10514001,24915011,48412060,6747467,8111520,0,0,732536065,1314168941,70044591,83967643,0,0,1795,1794,1859,1749,0,0
10520001,25221767,49013301,6965223,8454299,0,0,737411539,1329358718,71606017,86525711,0,0,1796,1795,1860,1747,0,0
10523002,25221767,49849970,6985112,8954394,0,0,737411539,1345341448,71718513,91021735,0,0,1796,1796,1859,1748,0,0
10701002,3565167,7654238,2024855,2405109,0,0,78469260,163988062,22031371,24117687,0,0,1726,1697,1782,1667,0,0
10702002,1384,86335,1321,3748,0,0,22586,1764005,9070,33405,0,0,1978,1971,1778,1815,0,0
10704002,3572596,14162116,2253533,4787694,0,0,78617530,324369342,23923775,47100148,0,0,1726,1721,1773,1695,0,0
11020004,0,0,0,0,0,0,0,0,0,0,0,0,0,0,0,0,0,0
11040001,85191615,110262901,11679133,31925923,0,29189,4107415764,3219948524,121400965,339582246,0,129721,1562,1531,1682,1597,0,1326
11130001,8571688,37777804,1014449,1235443,0,0,221708481,2125239613,10066228,13966730,0,0,1633,1538,1673,1592,0,0
11141001,0,0,0,0,0,0,0,0,0,0,0,0,0,0,0,0,0,0
11143001,8430,1283671,100852,660352,0,396153,135050,27006468,1067243,5329495,0,4464665,1774,1688,1741,1741,0,1809
11143002,0,0,0,109507,0,0,0,0,0,1085810,0,0,0,0,0,1795,0,0
11147001,4897358,21734195,5428121,13125264,0,396155,103302681,466316563,56344225,129861278,0,4464691,1463,1498,1530,1494,0,1809
11147002,67609,7455037,843337,1050739,0,0,2288450,170418505,10041311,10940728,0,0,1602,1539,1653,1576,0,0
11302001,0,0,120807,846973,0,79547,0,0,1376713,9727565,0,505470,0,0,1898,1719,0,1736
11307001,0,0,51187,726958,0,0,0,0,258094,6663462,0,0,0,0,1682,1675,0,0
11308001,9759,383595,201019,4329822,0,79547,194531,6658850,1780465,42483686,0,505470,1612,1640,1792,1667,0,1736
11310001,0,0,0,0,0,0,0,0,0,0,0,0,0,0,0,0,0,0
11310002,0,0,0,0,0,0,0,0,0,0,0,0,0,0,0,0,0,0
11310003,0,0,0,0,0,0,0,0,0,0,0,0,0,0,0,0,0,0
11312001,0,0,8446,102416,0,0,0,0,41793,754644,0,0,0,0,1804,1686,0,0
11315001,0,0,35338,112604,0,0,0,0,260670,656326,0,0,0,0,1505,1506,0,0
11316001,0,0,0,0,0,0,0,0,0,0,0,0,0,0,0,0,0,0
11317001,0,584617,43783,219755,0,0,0,11796381,302462,1429326,0,0,0,1773,1563,1589,0,0
11335002,20603807,27975377,3590756,10945406,0,0,647841877,629781834,38662835,116778691,0,0,1584,1590,1684,1588,0,0
11337001,26237516,37358229,5567222,13393142,0,0,770643187,861524321,60932935,143881005,0,0,1550,1535,1603,1556,0,0
11342001,26825143,39429545,5968487,19352689,0,79547,782553175,904113676,64110215,201886249,0,505470,1551,1538,1609,1584,0,1736
11405001,3715455,1950653,79404,109552,0,0,125768212,49882045,558416,1052631,0,0,1437,1446,1495,1489,0,0
11500002,14080279,48821632,1635131,3420469,0,0,381420503,1568317697,16714955,36341553,0,0,1518,1501,1637,1537,0,0
11505001,33246270,83365591,3586240,9145018,91589,1189942,988879016,2517583482,38694926,99178277,612001,10024837,1624,1561,1701,1670,1866,1850
11514001,14265789,50498047,2314595,6563782,0,0,444207023,2163797235,22423881,72342735,0,0,1510,1432,1520,1503,0,0
11520002,10195346,11302658,1451773,2395347,1186796,1454907,362192232,345698894,15098234,23825848,10809533,10833164,1852,1799,1868,1804,1956,1777
11521001,0,0,0,13084,0,0,0,0,0,57177,0,0,0,0,0,1939,0,0
11530000,219043934,529776345,19676358,43506618,2173587,3612046,13333371243,30931290390,199706773,460878650,18091187,28962466,1640,1568,1735,1641,1850,1783
11532000,3045607,64793489,229962,1103265,0,0,786669480,7677233301,2812190,13540625,0,0,1213,1369,1784,1626,0,0
11536001,7661,507289,104151,1047013,86539,441350,297131,10195141,562327,7985419,608871,2608965,2151,1656,1722,1699,1582,1613
11536004,226354799,618124951,20775286,48436101,2173587,3612046,14228269633,39333085625,210121811,515807052,18091187,28962466,1636,1549,1734,1639,1850,1783
11542001,585684749,792981036,25718864,66431922,4029769,11800944,68072605732,49833064684,256903544,689520754,33765606,106140959,1556,1597,1750,1663,1880,1792
11545000,648323542,857655030,28209504,73210924,4029769,11800944,70321531040,52015699074,280477842,759126054,33765606,106140959,1560,1595,1739,1651,1880,1792
11701001,42064496,120408592,6176925,13338248,0,0,1290981723,5691490855,64039779,147218402,0,0,1518,1496,1484,1454,0,0
11710000,312612736,1250639866,18738508,35120416,0,0,30352604585,232931089641,195959229,372031643,0,0,1496,1512,1561,1506,0,0
11711000,383787393,1257660082,18852123,35892873,0,0,38054774348,233157158456,196648787,379242589,0,0,1435,1511,1559,1499,0,0
12280002,14361963,73863741,1809618,2265492,0,0,566368220,6828973058,18014710,21127385,0,0,1321,1450,1538,1401,0,0
12284002,0,0,0,0,146367,381728,0,0,0,0,1030015,2850902,0,0,0,0,1562,1377
12284003,0,0,0,0,0,319834,0,0,0,0,0,3340037,0,0,0,0,0,1342
12284005,0,0,0,0,0,0,0,0,0,0,0,0,0,0,0,0,0,0
12284006,0,1573708,0,475616,0,0,0,45056003,0,4661959,0,0,0,1358,0,1396,0,0
12284007,0,1573489,0,475545,146367,701562,0,45049731,0,4661284,1030015,6190939,0,1358,0,1396,1562,1361
12285001,0,0,0,0,0,0,0,0,0,0,0,0,0,0,0,0,0,0
12285003,0,0,0,0,0,0,0,0,0,0,0,0,0,0,0,0,0,0
12286002,555957,978071,556829,619312,0,0,8629845,18597022,5275280,6304445,0,0,1259,1147,1170,1167,0,0
12287001,6098476,360733684,1758863,3505008,0,0,337236632,53792025680,19266786,37623484,0,0,1383,1235,1409,1386,0,0
12288002,22066174,253306243,833274,841024,0,0,1252940118,44247191946,8304742,7500352,0,0,1184,1060,1181,1154,0,0
12288003,0,27927421,23024,1346,0,0,0,5174605048,261838,11398,0,0,0,1052,1320,1256,0,0
12288004,20168100,17353346,224964,621000,0,0,1193574724,808966262,1720093,5790001,0,0,1184,1157,1096,1148,0,0
12289001,57755071,796623043,6251879,9497713,146410,701753,2676189368,116032562962,64501386,95220152,1030316,6192625,1263,1177,1434,1353,1562,1361
12289002,827988,3810842,677717,1459842,146367,701562,12774290,96838754,6386653,14601830,1030015,6190939,1291,1270,1207,1266,1562,1361
12291001,0,0,0,147420,0,0,0,0,0,1262572,0,0,0,0,0,1324,0,0
12400003,0,0,0,0,0,0,0,0,0,0,0,0,0,0,0,0,0,0
12400004,0,0,0,0,0,0,0,0,0,0,0,0,0,0,0,0,0,0
12448001,0,0,20077,69483,0,0,0,0,120554,430925,0,0,0,0,891,949,0,0
12452001,0,336900,42968,289028,0,0,0,5536591,242122,2265783,0,0,0,1025,1082,1011,0,0
12561001,0,0,0,0,0,0,0,0,0,0,0,0,0,0,0,0,0,0
12563001,0,0,0,0,0,0,0,0,0,0,0,0,0,0,0,0,0,0
12582001,0,0,0,0,0,0,0,0,0,0,0,0,0,0,0,0,0,0
12585001,0,0,0,0,0,0,0,0,0,0,0,0,0,0,0,0,0,0
12586001,0,0,0,0,0,0,0,0,0,0,0,0,0,0,0,0,0,0
12600001,0,0,35912,42809,0,0,0,0,208665,336847,0,0,0,0,937,948,0,0
12622001,0,0,0,22980,0,0,0,0,0,144792,0,0,0,0,0,949,0,0
12660001,0,0,0,0,0,0,0,0,0,0,0,0,0,0,0,0,0,0
12802001,0,0,0,0,0,0,0,0,0,0,0,0,0,0,0,0,0,0
12805001,0,0,0,0,0,0,0,0,0,0,0,0,0,0,0,0,0,0
12806001,0,0,0,0,0,0,0,0,0,0,0,0,0,0,0,0,0,0
12820001,0,0,0,0,0,0,0,0,0,0,0,0,0,0,0,0,0,0
12825002,2406410,12986546,612460,714572,0,1862338,56626710,397182285,5890714,7252067,0,15285052,1032,968,1006,949,0,915
12861001,0,0,0,0,0,0,0,0,0,0,0,0,0,0,0,0,0,0
12863002,0,0,0,0,0,0,0,0,0,0,0,0,0,0,0,0,0,0
12865001,0,0,0,0,0,0,0,0,0,0,0,0,0,0,0,0,0,0
12872001,0,0,0,0,0,0,0,0,0,0,0,0,0,0,0,0,0,0
12876001,0,0,0,0,0,0,0,0,0,0,0,0,0,0,0,0,0,0
12876004,0,0,0,0,0,0,0,0,0,0,0,0,0,0,0,0,0,0
12878001,0,0,0,0,0,0,0,0,0,0,0,0,0,0,0,0,0,0
12930001,0,0,0,0,0,0,0,0,0,0,0,0,0,0,0,0,0,0
