ID,sf_s_glhym_por_mean_b_none_c_c,sf_s_glhym_perm_mean_b_none_c_c
1001001,7,-1241
1001002,6,-1285
1001003,6,-1225
1020002,11,-1307
1020003,10,-1323
1021001,6,-1304
1021002,5,-1218
1041002,8,-1224
1044001,11,-1269
1050002,7,-1264
1050004,8,-1272
1201001,8,-1238
1201003,7,-1233
1201005,6,-1219
1210001,8,-1248
1211001,7,-1230
1300009,12,-1259
1310002,11,-1252
1410004,8,-1238
1502002,7,-1234
1502008,8,-1261
1610004,9,-1269
1730002,10,-1292
1730003,13,-1262
1730007,10,-1290
1730012,10,-1287
2101001,12,-1259
2103001,5,-1180
2103002,5,-1180
2103014,8,-1218
2104002,11,-1247
2104003,11,-1248
2104013,11,-1248
2105001,8,-1246
2105002,9,-1256
2105005,10,-1221
2105007,6,-1212
2110001,10,-1228
2110002,10,-1228
2110004,10,-1228
2110031,11,-1236
2112005,14,-1240
2112006,11,-1228
2112007,12,-1227
2113001,11,-1266
2120001,12,-1241
2510001,11,-1270
3022001,9,-1245
3041001,12,-1264
3041002,9,-1267
3041003,8,-1258
3041004,8,-1258
3041005,8,-1227
3050001,9,-1259
3404001,12,-1319
3414001,6,-1326
3421001,7,-1311
3430001,9,-1315
3430003,9,-1317
3431001,9,-1310
3434003,9,-1299
3450001,9,-1290
3453001,9,-1285
3802001,5,-1275
3804002,4,-1309
3806001,5,-1312
3814003,7,-1310
3815001,8,-1306
3815002,7,-1307
3820001,6,-1309
3820002,6,-1309
3820003,7,-1308
3825001,7,-1302
4301002,8,-1251
4302001,12,-1251
4308001,7,-1308
4311001,2,-1354
4313001,1,-1342
4314002,2,-1352
4320001,6,-1319
4323001,6,-1312
4501001,5,-1314
4503001,8,-1302
4511002,4,-1316
4512001,5,-1300
4513001,4,-1305
4514001,3,-1318
4515002,5,-1286
4520001,2,-1294
4522002,6,-1286
4523002,5,-1295
4530001,5,-1309
4531002,8,-1283
4532001,4,-1349
4533002,15,-1279
4537001,13,-1283
4558001,9,-1287
4703002,7,-1232
4704001,5,-1273
4704002,5,-1285
4711001,6,-1256
4712001,5,-1280
4714001,7,-1306
4716004,7,-1277
4721001,6,-1284
4723001,9,-1272
4726001,10,-1298
4730001,8,-1285
4810001,13,-1326
4810005,9,-1345
4810006,22,-1278
5100001,7,-1267
5101001,8,-1265
5110002,7,-1258
5120001,8,-1274
5200001,6,-1282
5221002,9,-1259
5320001,13,-1245
5401003,9,-1236
5402001,8,-1265
5402015,8,-1281
5403002,8,-1249
5406001,8,-1258
5410002,8,-1258
5410005,7,-1247
5411001,9,-1250
5414001,8,-1247
5421002,14,-1233
5423003,7,-1240
5701001,14,-1246
5701002,13,-1255
5702001,13,-1257
5703006,7,-1303
5704002,12,-1255
5705001,11,-1273
5706001,11,-1274
5707002,10,-1275
5710001,11,-1263
5716001,5,-1216
5720001,9,-1292
5721001,8,-1311
5721016,6,-1330
5722001,8,-1282
5722002,8,-1299
5730008,9,-1249
5734001,6,-1237
5737002,6,-1235
5741001,11,-1241
5746001,4,-1304
5748001,7,-1250
6000003,17,-1245
6002001,10,-1306
6003001,11,-1274
6006001,10,-1281
6008005,10,-1272
6011001,4,-1197
6013001,8,-1277
6015001,5,-1209
6018001,6,-1217
6019003,7,-1235
6027001,7,-1305
6028001,9,-1283
6033011,6,-1255
6034022,5,-1237
6034023,7,-1260
6035001,7,-1249
6043001,10,-1289
6132001,9,-1319
7102005,14,-1252
7103001,9,-1266
7104002,11,-1256
7112001,9,-1270
7115001,7,-1248
7116001,8,-1259
7123001,8,-1249
7200002,4,-1385
7300001,11,-1265
7303000,8,-1284
7306001,8,-1283
7308001,7,-1295
7308002,8,-1282
7317003,8,-1267
7317005,9,-1261
7320003,7,-1294
7321002,8,-1278
7322001,8,-1272
7330001,5,-1325
7332001,5,-1249
7335001,4,-1227
7335002,9,-1291
7336001,5,-1363
7339001,4,-1333
7341001,1,-1410
7343001,2,-1401
7350001,6,-1288
7350002,4,-1344
7350003,7,-1279
7354002,7,-1250
7355001,7,-1286
7355002,6,-1302
7355003,6,-1311
7357002,5,-1284
7358001,5,-1203
7359001,5,-1263
7372001,9,-1265
7374001,7,-1234
7379002,8,-1263
7381001,12,-1289
7383001,6,-1267
7400001,4,-1394
8104001,9,-1258
8105001,8,-1256
8106002,7,-1277
8112001,4,-1341
8114001,3,-1232
8117005,2,-1174
8117006,8,-1276
8123001,8,-1261
8124001,10,-1315
8124002,9,-1268
8130001,8,-1294
8130002,7,-1268
8132001,5,-1226
8134003,0,-1137
8135002,6,-1261
8140002,5,-1235
8141001,4,-1243
8144001,5,-1345
8210003,1,-1410
8220001,1,-1410
8220008,1,-1410
8220009,1,-1410
8220010,1,-1410
8304001,7,-1270
8307002,6,-1234
8308000,9,-1265
8312000,7,-1243
8312001,7,-1244
8313000,10,-1300
8313001,7,-1244
8316002,2,-1344
8317001,7,-1255
8317002,4,-1175
8317004,7,-1252
8317005,7,-1256
8319001,6,-1247
8323001,5,-1269
8323002,4,-1292
8324002,0,-1135
8330001,1,-1139
8332001,3,-1175
8334001,6,-1241
8342001,9,-1290
8343001,9,-1296
8351001,9,-1269
8356001,1,-1364
8358001,5,-1346
8362001,1,-1410
8366002,0,-1137
8372002,9,-1246
8376001,5,-1331
8380001,9,-1297
8380006,9,-1297
8381003,9,-1310
8383001,10,-1320
8393002,2,-1390
8394001,7,-1302
8700002,3,-1421
8700003,15,-1427
8720001,10,-1431
8820001,1,-1410
8821001,1,-1406
8821002,1,-1409
8821003,4,-1418
8821006,1,-1378
8822002,1,-1410
8910001,2,-1387
9101001,1,-1398
9101002,1,-1403
9102001,1,-1339
9104001,9,-1299
9104002,9,-1301
9106001,9,-1293
9107001,9,-1297
9113001,8,-1290
9116001,5,-1333
9122002,9,-1287
9123001,9,-1281
9126001,9,-1250
9127001,8,-1242
9129002,8,-1266
9131001,8,-1293
9134001,9,-1253
9135001,7,-1243
9140001,8,-1249
9400000,5,-1353
9402001,6,-1337
9404001,5,-1277
9405001,10,-1244
9412001,6,-1305
9414001,6,-1304
9416001,5,-1326
9420001,7,-1292
9423001,7,-1267
9433001,1,-1344
9434001,0,-1149
9436001,1,-1363
9437002,5,-1246
10100002,5,-1336
10100006,5,-1327
10102001,3,-1379
10111001,6,-1314
10121001,1,-1312
10122001,4,-1295
10122003,4,-1294
10133000,0,-1171
10134001,1,-1227
10137001,1,-1289
10140001,2,-1414
10142003,4,-1412
10304001,3,-1365
10305001,4,-1352
10306001,8,-1297
10311001,6,-1292
10313001,2,-1156
10322003,7,-1316
10327001,7,-1249
10328001,7,-1242
10340001,9,-1261
10343001,7,-1212
10343002,3,-1124
10344003,6,-1191
10344004,6,-1190
10351001,0,-1052
10356001,2,-1101
10362001,2,-1107
10363002,0,-1052
10364001,4,-1153
10401001,10,-1444
10405002,6,-1367
10405005,3,-1382
10411002,4,-1152
10414001,10,-1208
10431000,8,-1299
10431001,2,-1367
10432002,4,-1332
10432003,6,-1228
10440000,2,-1384
10503001,4,-1320
10514001,3,-1357
10520001,4,-1341
10523002,4,-1341
10701002,2,-1358
10702002,6,-1269
10704002,5,-1278
11020004,6,-1296
11040001,3,-1267
11130001,1,-1409
11141001,4,-1179
11143001,4,-1235
11143002,3,-1239
11147001,3,-1301
11147002,2,-1348
11302001,7,-1227
11307001,7,-1243
11308001,5,-1281
11310001,4,-1152
11310002,8,-1260
11310003,7,-1207
11312001,8,-1239
11315001,7,-1241
11316001,6,-1208
11317001,6,-1194
11335002,4,-1349
11337001,3,-1359
11342001,5,-1276
11405001,1,-1410
11500002,2,-1371
11505001,6,-1307
11514001,2,-1360
11520002,8,-1255
11521001,8,-1257
11530000,7,-1288
11532000,1,-1427
11536001,7,-1289
11536004,6,-1293
11542001,6,-1308
11545000,6,-1312
11701001,5,-1367
11710000,7,-1418
11711000,7,-1422
12280002,18,-1437
12284002,15,-1402
12284003,9,-1274
12284005,13,-1375
12284006,22,-1396
12284007,14,-1337
12285001,19,-1518
12285003,23,-1373
12286002,9,-1198
12287001,8,-1588
12288002,6,-1669
12288003,19,-1409
12288004,11,-1290
12289001,16,-1376
12289002,16,-1328
12291001,25,-1301
12400003,6,-1183
12400004,9,-1248
12448001,21,-1380
12452001,14,-1221
12561001,19,-1512
12563001,18,-1517
12582001,19,-1520
12585001,19,-1520
12586001,25,-1277
12600001,14,-1253
12622001,8,-1230
12660001,1,-1100
12802001,12,-1335
12805001,2,-1091
12806001,6,-1205
12820001,19,-1520
12825002,14,-1357
12861001,3,-1130
12863002,18,-1508
12865001,11,-1330
12872001,9,-1257
12876001,20,-1359
12876004,16,-1375
12878001,22,-1325
12930001,6,-1180
