ID,sf_s_ornl_brd_p10_b_none_c_c,sf_s_ornl_brd_p25_b_none_c_c,sf_s_ornl_brd_p50_b_none_c_c,sf_s_ornl_brd_p75_b_none_c_c,sf_s_ornl_brd_p90_b_none_c_c,sf_s_ornl_brd_mean_b_none_c_c
1001001,26,65,122,170,198,106
1001002,65,115,153,192,288,135
1001003,67,121,175,263,374,175
1020002,65,115,154,194,355,164
1020003,70,116,153,190,294,146
1021001,59,111,147,182,240,235
1021002,17,43,87,141,176,85
1041002,31,78,128,167,191,89
1044001,51,112,165,271,551,215
1050002,27,68,123,168,195,88
1050004,29,73,127,169,194,88
1201001,24,60,114,158,184,88
1201003,23,59,113,157,184,88
1201005,23,58,113,158,185,88
1210001,27,67,121,162,187,79
1211001,27,68,122,165,191,76
1300009,15,39,77,129,172,71
1310002,20,49,98,150,181,67
1410004,22,55,108,156,185,72
1502002,18,46,91,146,180,53
1502008,20,49,99,150,181,67
1610004,22,56,110,156,183,76
1730002,19,46,93,147,180,57
1730003,24,60,116,162,190,82
1730007,15,36,73,120,168,63
1730012,18,46,91,146,180,56
2101001,25,63,119,163,190,78
2103001,26,64,126,186,379,134
2103002,26,64,125,183,353,129
2103014,103,166,307,579,828,376
2104002,28,69,125,171,198,90
2104003,27,68,124,171,198,90
2104013,27,68,124,171,198,90
2105001,16,39,78,132,175,50
2105002,16,39,79,132,174,50
2105005,24,60,117,169,199,130
2105007,14,34,69,109,164,55
2110001,33,83,143,198,1044,344
2110002,33,83,143,198,1044,344
2110004,33,84,144,199,1078,351
2110031,30,75,133,183,411,217
2112005,42,104,193,989,2742,817
2112006,39,97,162,474,1354,446
2112007,44,106,181,866,2596,752
2113001,10,25,50,75,90,52
2120001,33,82,173,901,3390,846
2510001,24,59,116,168,199,85
3022001,19,48,95,156,193,126
3041001,12,29,59,88,134,30
3041002,13,33,65,98,163,38
3041003,17,43,86,143,182,53
3041004,17,42,84,142,181,52
3041005,17,41,83,139,180,57
3050001,13,32,65,97,156,46
3404001,15,38,75,128,178,45
3414001,15,37,75,127,176,45
3421001,15,37,74,126,178,45
3430001,15,38,76,131,179,45
3430003,15,38,76,131,179,45
3431001,15,38,77,132,180,46
3434003,15,38,76,130,180,45
3450001,16,39,78,137,187,55
3453001,16,41,82,146,195,76
3802001,15,38,76,130,178,47
3804002,15,39,77,132,180,47
3806001,16,39,78,133,180,47
3814003,15,37,74,127,179,44
3815001,15,38,76,131,182,47
3815002,15,38,75,130,181,46
3820001,16,39,78,134,181,47
3820002,16,39,78,134,182,48
3820003,16,39,78,134,182,48
3825001,17,42,85,150,197,80
4301002,12,31,62,94,151,30
4302001,14,35,70,112,167,39
4308001,15,38,75,128,178,44
4311001,13,33,67,100,163,39
4313001,15,36,73,121,174,43
4314002,15,37,74,124,175,43
4320001,15,38,76,129,178,44
4323001,15,39,77,132,180,46
4501001,14,35,71,116,171,41
4503001,15,38,76,129,176,47
4511002,13,32,64,95,153,43
4512001,17,42,84,140,178,52
4513001,16,40,81,136,178,49
4514001,14,35,71,116,170,42
4515002,15,37,74,124,172,45
4520001,13,33,66,99,162,38
4522002,15,37,73,122,172,45
4523002,16,39,79,134,177,47
4530001,16,39,78,131,175,50
4531002,18,44,89,145,181,55
4532001,13,32,64,96,154,43
4533002,16,39,78,131,174,56
4537001,20,50,101,153,185,63
4558001,21,52,105,161,195,108
4703002,15,38,75,127,174,45
4704001,14,36,72,119,169,47
4704002,14,35,71,115,168,45
4711001,16,41,81,137,178,49
4712001,13,32,64,96,153,43
4714001,20,51,102,153,184,64
4716004,19,46,93,148,183,56
4721001,15,37,73,123,173,43
4723001,16,40,79,134,177,50
4726001,18,44,88,145,181,56
4730001,19,48,96,151,184,59
4810001,15,37,74,122,169,64
4810005,15,38,75,125,170,67
4810006,10,25,50,75,90,54
5100001,13,33,67,101,161,51
5101001,10,25,50,75,90,58
5110002,19,47,94,148,181,64
5120001,25,62,117,162,189,76
5200001,13,34,67,102,161,51
5221002,25,63,119,167,196,96
5320001,39,98,154,290,1065,307
5401003,13,33,67,100,162,39
5402001,14,36,71,117,169,42
5402015,14,35,69,110,167,39
5403002,14,36,71,117,170,42
5406001,15,37,74,126,175,45
5410002,15,38,76,129,175,46
5410005,20,49,99,158,195,153
5411001,10,25,50,75,90,72
5414001,15,36,73,120,169,48
5421002,27,67,123,168,195,113
5423003,22,55,111,168,229,186
5701001,15,38,76,129,174,48
5701002,16,40,81,136,177,48
5702001,14,34,69,108,165,42
5703006,10,25,50,75,90,27
5704002,16,40,80,136,178,48
5705001,14,35,69,111,167,39
5706001,13,31,63,94,151,41
5707002,16,39,78,133,177,47
5710001,17,42,84,140,179,50
5716001,56,115,165,488,2952,746
5720001,15,37,75,124,170,66
5721001,13,32,64,97,155,45
5721016,14,34,68,105,162,53
5722001,10,25,50,75,90,59
5722002,14,36,71,116,166,60
5730008,10,25,50,75,90,56
5734001,51,110,157,233,987,404
5737002,47,108,164,593,4807,917
5741001,15,37,73,122,169,64
5746001,52,111,160,265,1196,489
5748001,34,84,147,237,2745,599
6000003,14,36,72,120,171,48
6002001,17,41,83,139,180,56
6003001,17,42,84,140,180,54
6006001,16,39,79,133,176,51
6008005,19,47,95,150,184,63
6011001,74,133,224,3003,4913,1498
6013001,15,37,75,125,170,66
6015001,56,117,174,2317,4038,1089
6018001,71,121,169,404,3021,731
6019003,39,97,150,208,3103,650
6027001,17,43,85,140,176,83
6028001,20,50,99,153,185,66
6033011,87,127,177,493,2102,644
6034022,110,152,355,3122,4634,1557
6034023,41,101,149,198,2951,617
6035001,48,108,159,294,4443,855
6043001,34,86,134,175,200,134
6132001,111,136,179,373,1538,569
7102005,16,40,79,132,174,56
7103001,22,54,107,155,184,74
7104002,19,47,94,148,181,64
7112001,23,58,112,159,187,71
7115001,28,70,124,165,190,84
7116001,42,102,137,173,194,98
7123001,52,111,158,246,2730,627
7200002,94,118,150,182,217,126
7300001,30,74,128,171,197,102
7303000,25,64,119,163,190,78
7306001,26,65,121,165,191,83
7308001,25,63,118,160,185,83
7308002,25,63,119,163,190,79
7317003,23,58,112,158,185,68
7317005,24,59,114,159,186,69
7320003,23,58,112,159,187,80
7321002,26,64,119,163,189,74
7322001,32,80,132,174,199,227
7330001,34,84,134,176,216,103
7332001,101,138,204,2420,4951,1416
7335001,110,159,580,4920,4968,1960
7335002,4907,4922,4948,4974,4990,4969
7336001,106,124,154,185,244,146
7339001,117,145,193,1117,3627,949
7341001,103,122,154,185,255,142
7343001,105,124,156,188,273,145
7350001,26,65,120,163,189,83
7350002,34,85,132,170,194,102
7350003,19,48,97,149,181,74
7354002,23,57,111,158,185,78
7355001,35,87,134,173,196,100
7355002,21,52,103,153,183,72
7355003,10,25,50,75,90,62
7357002,114,154,458,4905,4962,1867
7358001,110,142,196,3627,4940,1532
7359001,107,146,315,4902,4961,1818
7372001,88,121,159,197,3362,772
7374001,78,118,155,192,469,181
7379002,115,157,705,3260,4910,1703
7381001,110,135,177,309,891,357
7383001,75,126,182,2029,4932,1256
7400001,111,127,155,182,199,119
8104001,27,68,122,164,189,81
8105001,28,70,124,165,190,83
8106002,28,70,124,165,190,82
8112001,37,92,134,171,193,98
8114001,117,157,309,2542,4396,1312
8117005,135,267,1671,2985,4908,1931
8117006,30,75,126,165,188,93
8123001,105,138,194,734,2235,680
8124001,120,176,931,2421,4238,1499
8124002,109,150,360,1605,2802,977
8130001,29,73,125,165,190,93
8130002,19,48,97,150,181,74
8132001,108,153,424,1821,2990,1101
8134003,1745,2341,3437,4912,4965,3460
8135002,122,178,1210,2805,4903,1700
8140002,109,158,793,3184,4936,1720
8141001,109,156,630,2999,4933,1644
8144001,115,142,188,464,1138,465
8210003,111,129,157,186,225,120
8220001,107,127,161,196,340,166
8220008,157,217,272,364,468,275
8220009,101,120,151,182,210,128
8220010,102,121,153,185,249,134
8304001,47,106,141,177,198,111
8307002,76,117,151,186,270,134
8308000,29,72,124,165,189,92
8312000,72,115,149,183,237,123
8312001,71,115,149,183,236,122
8313000,19,46,93,146,178,92
8313001,71,115,149,182,232,121
8316002,28,71,125,166,191,94
8317001,69,114,148,182,226,121
8317002,89,125,172,261,425,190
8317004,66,113,147,181,217,118
8317005,65,113,147,181,216,117
8319001,80,118,153,188,326,199
8323001,107,147,326,1382,3079,958
8323002,81,120,161,218,625,253
8324002,3993,4644,4763,4881,4953,4624
8330001,185,317,551,1096,1814,785
8332001,112,147,236,929,1396,529
8334001,100,126,170,372,1585,522
8342001,104,128,167,231,366,183
8343001,478,821,1317,1797,2278,1356
8351001,111,138,181,373,926,380
8356001,114,140,182,345,742,313
8358001,117,147,198,585,1840,609
8362001,103,122,153,184,232,129
8366002,2459,3256,4036,4668,4867,3926
8372002,25,63,118,162,188,86
8376001,40,100,138,176,198,99
8380001,45,104,143,181,241,156
8380006,45,104,143,181,241,157
8381003,49,108,150,191,1236,430
8383001,56,114,161,277,3851,806
8393002,115,137,174,340,834,286
8394001,105,134,184,790,3081,813
8700002,114,134,168,216,382,169
8700003,185,263,379,520,680,403
8720001,120,155,277,616,1202,461
8820001,20,50,100,150,180,100
8821001,30,74,125,163,185,100
8821002,20,50,99,150,180,99
8821003,111,127,154,181,197,115
8821006,102,120,149,178,196,121
8822002,110,125,150,175,190,102
8910001,106,123,151,179,195,186
9101001,111,127,154,181,197,156
9101002,111,127,153,180,196,115
9102001,110,131,165,200,400,223
9104001,971,1192,1616,2059,2535,1689
9104002,781,1171,1778,2593,3495,1974
9106001,468,780,1114,1657,2301,1262
9107001,583,1022,2003,3559,4911,2322
9113001,257,614,1423,2640,4014,1772
9116001,127,170,367,1495,3175,1031
9122002,46,105,140,175,197,111
9123001,97,121,157,192,334,164
9126001,126,177,326,524,870,399
9127001,155,269,493,875,1796,759
9129002,114,152,278,864,2094,702
9131001,110,134,175,274,701,281
9134001,113,144,197,293,395,205
9135001,134,191,475,1335,2208,871
9140001,124,173,448,1554,3595,1111
9400000,36,89,133,171,193,95
9402001,39,98,136,173,195,97
9404001,82,120,160,200,1071,413
9405001,44,104,141,179,217,108
9412001,27,66,122,165,191,87
9414001,38,96,136,173,196,97
9416001,32,81,130,168,192,94
9420001,60,112,149,186,278,145
9423001,74,119,159,200,681,302
9433001,108,129,165,200,763,367
9434001,124,166,317,1360,2666,949
9436001,108,128,162,195,411,236
9437002,101,129,176,440,1837,585
10100002,36,90,133,171,193,92
10100006,33,83,131,170,193,89
10102001,30,75,126,166,190,94
10111001,59,112,148,184,260,137
10121001,140,201,315,594,1468,638
10122001,92,125,170,284,830,363
10122003,91,125,170,282,821,363
10133000,116,145,193,544,1237,460
10134001,117,146,195,477,1153,456
10137001,113,136,176,305,1405,586
10140001,113,132,164,196,270,137
10142003,113,133,166,199,360,178
10304001,41,101,138,176,198,100
10305001,37,93,137,177,208,111
10306001,59,111,144,178,198,114
10311001,70,119,163,260,1198,470
10313001,252,593,1596,3820,4937,2156
10322003,50,107,141,176,197,106
10327001,140,402,1444,2687,4430,1760
10328001,115,152,353,2003,4231,1263
10340001,103,129,173,289,644,258
10343001,104,127,164,227,897,292
10343002,124,174,1272,2878,4672,1701
10344003,118,162,582,2674,4926,1532
10344004,115,154,370,2043,4756,1304
10351001,149,664,2264,4901,4960,2551
10356001,182,573,1655,4687,4957,2319
10362001,2001,3243,4775,4947,4979,4038
10363002,1953,2776,4182,4939,4975,3826
10364001,148,420,1472,4546,4955,2200
10401001,102,122,155,189,270,140
10405002,70,114,148,181,211,123
10405005,111,127,154,181,197,113
10411002,1069,1462,2232,3190,4584,2473
10414001,158,403,897,1951,3674,1387
10431000,84,124,171,280,440,202
10431001,29,73,130,178,251,108
10432002,52,110,154,198,372,168
10432003,190,320,749,1134,1737,839
10440000,26,65,122,171,205,98
10503001,31,78,130,171,196,92
10514001,35,87,136,179,249,129
10520001,34,86,135,176,217,114
10523002,34,86,135,177,220,114
10701002,25,63,119,165,193,87
10702002,41,101,145,190,346,182
10704002,39,96,142,187,314,167
11020004,21,53,107,158,189,73
11040001,43,103,142,181,248,122
11130001,21,54,108,164,198,83
11141001,76,128,187,565,997,370
11143001,68,118,161,243,718,251
11143002,31,78,127,165,187,93
11147001,42,102,145,188,396,173
11147002,19,48,95,156,193,74
11302001,92,127,174,391,1043,365
11307001,33,82,130,168,191,89
11308001,45,105,149,192,522,214
11310001,120,181,353,840,1728,733
11310002,35,87,149,244,662,211
11310003,69,120,169,344,768,303
11312001,18,45,91,146,180,58
11315001,19,47,95,149,182,73
11316001,92,122,162,216,521,195
11317001,85,125,172,311,829,346
11335002,22,55,109,159,189,71
11337001,29,73,127,170,196,89
11342001,46,106,150,193,487,215
11405001,51,108,145,183,238,143
11500002,33,82,132,173,198,109
11505001,30,76,129,172,197,102
11514001,37,92,138,178,227,106
11520002,23,58,113,159,186,68
11521001,17,42,85,139,176,82
11530000,44,104,152,199,643,290
11532000,38,94,142,186,267,136
11536001,61,119,176,388,1082,450
11536004,44,104,151,198,614,282
11542001,45,106,153,202,632,295
11545000,45,105,152,199,616,291
11701001,38,96,142,186,368,205
11710000,39,99,143,188,510,320
11711000,40,99,143,187,492,315
12280002,29,73,128,172,199,94
12284002,50,111,167,266,451,290
12284003,115,195,735,2005,3824,1307
12284005,157,263,481,851,1470,642
12284006,41,101,141,180,229,122
12284007,81,137,231,929,2459,772
12285001,120,159,226,298,478,278
12285003,46,106,151,196,290,134
12286002,10,25,50,75,90,66
12287001,54,111,152,193,302,166
12288002,43,103,142,181,260,267
12288003,63,113,149,184,278,187
12288004,35,88,134,172,195,121
12289001,63,119,172,367,1714,540
12289002,71,127,190,655,2132,657
12291001,42,102,140,178,217,167
12400003,324,849,1734,3314,4909,2143
12400004,410,846,1601,3184,4925,2096
12448001,98,148,331,808,1406,589
12452001,133,198,348,586,940,451
12561001,274,380,602,963,1353,707
12563001,43,104,158,256,583,236
12582001,98,122,159,197,448,228
12585001,220,312,488,729,975,546
12586001,178,258,398,587,850,448
12600001,145,221,373,735,1568,648
12622001,263,395,630,1047,1772,862
12660001,1058,1746,2895,4609,4956,3015
12802001,363,504,804,1476,2589,1154
12805001,421,593,923,1755,3586,1415
12806001,340,468,741,1513,2948,1205
12820001,67,118,162,223,374,162
12825002,38,95,156,292,924,357
12861001,1017,1464,2224,3507,4917,2547
12863002,469,604,974,1628,2608,1331
12865001,384,491,698,1145,2012,984
12872001,486,696,1124,2091,3726,1599
12876001,116,166,713,1770,3106,1159
12876004,158,235,379,982,1829,688
12878001,96,130,181,660,2385,685
12930001,10,25,50,75,90,43
