ID,sf_s_isric_sbd_mean_b_none_c_c,sf_s_isric_sbd_p10_b_none_c_c,sf_s_isric_sbd_p25_b_none_c_c,sf_s_isric_sbd_p50_b_none_c_c,sf_s_isric_sbd_p75_b_none_c_c,sf_s_isric_sbd_p90_b_none_c_c,sf_s_isric_scf_mean_b_none_c_c,sf_s_isric_scf_p10_b_none_c_c,sf_s_isric_scf_p25_b_none_c_c,sf_s_isric_scf_p50_b_none_c_c,sf_s_isric_scf_p75_b_none_c_c,sf_s_isric_scf_p90_b_none_c_c,sf_s_isric_clay_mean_b_none_c_c,sf_s_isric_clay_p10_b_none_c_c,sf_s_isric_clay_p25_b_none_c_c,sf_s_isric_clay_p50_b_none_c_c,sf_s_isric_clay_p75_b_none_c_c,sf_s_isric_clay_p90_b_none_c_c,sf_s_isric_sand_mean_b_none_c_c,sf_s_isric_sand_p10_b_none_c_c,sf_s_isric_sand_p25_b_none_c_c,sf_s_isric_sand_p50_b_none_c_c,sf_s_isric_sand_p75_b_none_c_c,sf_s_isric_sand_p90_b_none_c_c,sf_s_isric_silt_mean_b_none_c_c,sf_s_isric_silt_p10_b_none_c_c,sf_s_isric_silt_p25_b_none_c_c,sf_s_isric_silt_p50_b_none_c_c,sf_s_isric_silt_p75_b_none_c_c,sf_s_isric_silt_p90_b_none_c_c,sf_s_isric_socc_mean_b_none_c_c,sf_s_isric_socc_p10_b_none_c_c,sf_s_isric_socc_p25_b_none_c_c,sf_s_isric_socc_p50_b_none_c_c,sf_s_isric_socc_p75_b_none_c_c,sf_s_isric_socc_p90_b_none_c_c
1001001,126,123,126,127,128,129,349,260,316,365,390,412,175,152,159,172,186,211,588,548,565,589,616,623,236,215,221,232,251,261,215,160,182,210,242,277
1001002,129,125,127,130,132,133,315,242,265,303,364,403,178,159,166,174,185,205,595,550,580,604,617,625,225,205,214,222,236,253,170,103,122,154,195,271
1001003,127,123,125,128,129,131,338,244,294,350,386,415,183,157,166,179,200,217,580,531,552,585,611,621,235,211,220,235,251,261,216,138,163,197,261,328
1020002,127,124,126,128,129,130,328,261,284,319,371,404,181,157,167,179,193,207,593,554,579,599,612,621,225,207,214,224,235,248,200,133,149,181,243,296
1020003,128,124,126,128,129,131,309,230,257,299,360,401,180,159,168,178,191,205,598,567,587,603,616,625,220,202,210,218,229,241,190,125,144,172,230,282
1021001,130,127,128,130,132,133,316,228,253,306,375,424,174,153,160,170,184,201,609,574,595,615,627,637,216,197,206,215,225,235,163,107,130,157,190,225
1021002,129,126,128,129,131,133,379,285,334,386,435,456,183,165,171,177,200,207,606,572,583,613,625,636,210,192,201,210,218,226,176,130,144,166,198,237
1041002,129,126,127,128,130,131,352,276,309,351,398,432,182,165,171,180,189,202,588,570,582,591,599,606,228,213,221,228,236,243,144,89,112,144,171,193
1044001,132,128,130,133,135,136,349,254,293,363,398,427,172,153,161,169,178,188,578,557,566,578,591,603,248,221,234,251,263,273,111,66,79,105,136,163
1050002,133,129,130,133,135,136,343,255,309,354,382,405,169,156,163,169,175,181,575,557,564,572,584,597,255,229,245,259,268,274,116,87,96,113,132,149
1050004,132,128,130,132,134,136,346,270,314,355,381,406,170,155,162,170,176,183,575,558,565,575,585,595,253,228,242,256,266,273,122,88,99,118,139,160
1201001,128,125,126,128,132,133,353,255,301,352,405,450,176,159,165,175,185,197,584,557,571,586,599,609,239,220,228,238,249,261,142,88,107,132,167,206
1201003,129,124,126,129,131,134,333,218,266,337,398,439,176,159,166,174,184,196,590,561,578,592,605,614,233,214,222,232,242,254,133,77,95,123,157,199
1201005,129,124,127,129,131,134,333,206,253,345,405,441,179,158,166,177,188,203,593,561,580,597,609,617,227,208,218,228,237,246,137,73,89,124,161,229
1210001,129,125,127,129,131,134,340,242,298,343,385,427,180,155,167,179,194,211,575,533,557,581,597,609,244,218,226,240,257,275,124,71,88,113,147,187
1211001,131,126,128,130,133,139,336,247,298,338,376,418,170,128,156,174,190,207,583,533,556,580,600,617,246,212,225,242,265,290,125,71,88,110,148,196
1300009,130,128,128,129,131,135,348,285,312,348,382,414,186,164,173,185,199,207,558,530,542,555,572,594,255,228,244,257,268,276,102,64,75,97,119,152
1310002,130,127,128,130,132,134,345,287,313,345,374,402,181,148,169,184,198,207,559,531,544,558,574,589,259,232,246,260,272,282,98,64,74,93,114,144
1410004,129,125,127,129,130,132,358,307,333,357,384,411,165,148,158,166,174,181,584,556,567,584,604,614,249,219,230,250,267,283,130,89,106,123,151,180
1502002,131,125,128,130,133,139,355,310,331,353,379,404,166,132,145,168,185,199,563,528,548,565,582,596,269,231,247,264,288,323,116,72,87,109,135,166
1502008,129,126,128,129,131,132,358,307,332,355,382,411,176,145,162,177,192,203,571,544,555,570,586,598,252,225,238,252,265,278,120,75,92,116,139,172
1610004,130,127,128,130,131,132,371,298,332,369,408,446,185,163,169,181,199,218,587,567,578,588,597,604,227,208,216,227,237,246,157,110,135,158,179,199
1730002,129,126,128,129,130,132,386,342,365,386,409,432,166,141,153,165,177,190,570,549,559,570,581,589,263,241,253,264,274,287,134,86,106,131,159,183
1730003,129,126,127,129,131,132,368,284,341,372,402,434,169,146,155,165,176,204,573,556,564,575,584,592,256,225,246,260,270,276,136,84,106,130,158,196
1730007,129,126,127,129,130,132,394,345,371,395,420,444,174,154,162,172,182,196,568,550,558,569,579,588,256,234,247,259,269,277,147,104,122,147,168,191
1730012,129,126,128,129,132,133,385,342,364,386,409,432,166,140,152,164,177,190,568,546,558,570,581,589,265,241,253,265,277,291,132,82,104,128,158,182
2101001,134,130,132,134,136,139,358,298,329,367,386,403,182,163,172,183,191,199,573,554,563,573,584,595,243,213,230,246,259,268,100,67,79,95,118,142
2103001,131,128,130,131,134,136,359,303,344,365,382,398,165,146,155,165,175,184,597,579,587,598,608,616,236,219,228,235,244,252,130,89,106,130,150,169
2103002,132,128,130,132,135,135,360,305,346,366,381,397,166,146,155,166,175,184,597,578,587,598,608,615,236,219,228,235,244,253,128,87,104,127,149,168
2103014,131,128,130,131,133,135,330,271,302,336,358,377,169,151,157,167,177,188,599,581,591,599,609,617,231,213,221,231,240,248,138,110,122,138,151,164
2104002,135,129,131,134,138,141,360,310,341,365,383,400,179,156,169,181,191,199,580,554,567,581,594,606,240,212,226,240,253,266,106,68,81,100,127,151
2104003,135,129,131,134,138,140,360,309,341,366,384,400,179,155,168,179,191,200,580,555,567,580,594,606,240,212,226,240,253,266,107,68,82,101,128,152
2104013,135,129,131,134,138,140,360,309,341,366,384,400,179,156,168,179,190,200,580,555,567,581,594,606,240,212,226,240,253,266,107,68,82,101,128,152
2105001,130,126,128,130,133,135,370,339,353,370,388,405,158,137,143,157,174,181,596,572,586,597,607,616,245,226,235,246,256,264,137,79,107,139,167,186
2105002,132,127,130,134,135,138,363,329,345,363,382,398,163,139,147,167,177,184,591,562,578,593,606,617,245,222,233,245,257,266,125,73,93,123,156,178
2105005,135,130,133,136,138,141,356,316,337,358,377,394,173,148,166,176,185,192,575,543,557,576,592,605,250,227,237,250,263,276,102,63,75,94,120,153
2105007,130,126,128,130,132,134,375,346,358,373,390,409,156,139,143,152,169,178,599,585,591,599,608,616,244,225,232,244,256,262,139,91,118,138,163,182
2110001,136,130,133,137,140,142,352,303,329,358,379,396,178,157,169,179,189,198,573,543,557,575,590,603,247,218,231,246,262,276,100,65,76,92,118,145
2110002,136,130,133,137,140,142,352,303,329,358,379,396,178,157,169,179,189,198,573,543,557,575,590,603,247,218,231,246,262,276,100,65,76,92,118,145
2110004,136,130,133,137,140,142,352,303,329,358,379,396,178,157,169,179,190,198,573,541,557,574,590,603,247,218,232,246,262,278,99,65,76,92,117,145
2110031,136,129,132,135,139,141,356,308,334,361,382,398,178,155,169,180,190,198,575,544,560,577,592,605,245,217,230,245,259,272,102,66,78,95,121,148
2112005,139,133,137,140,142,143,345,292,322,350,375,395,179,158,167,178,190,201,560,515,541,564,581,597,260,225,241,258,276,298,92,62,72,87,107,129
2112006,137,130,134,138,140,143,351,303,327,355,378,396,180,159,170,180,190,200,565,524,547,568,586,600,254,219,234,252,271,292,97,63,76,92,114,140
2112007,138,131,135,138,140,142,346,295,322,351,375,393,179,158,168,179,190,199,565,526,548,567,584,599,255,222,237,254,271,290,94,62,73,88,109,135
2113001,135,131,132,134,136,138,376,339,357,376,396,417,171,150,161,173,181,191,597,578,586,597,608,614,231,210,221,234,242,248,110,76,95,111,124,137
2120001,139,132,136,140,143,145,345,286,319,350,378,400,178,152,164,176,190,205,550,496,521,555,578,595,272,229,248,267,294,322,97,57,70,89,114,145
2510001,134,127,131,135,137,139,353,308,333,355,376,394,171,146,159,171,181,192,586,550,567,588,607,619,242,214,227,241,258,271,125,75,97,123,152,172
3022001,129,126,127,129,130,131,326,283,310,328,344,361,198,173,186,199,211,223,596,547,569,598,622,643,204,167,181,200,224,250,141,110,123,138,155,173
3041001,127,125,126,127,128,128,338,319,327,337,349,358,208,193,200,208,217,225,570,544,552,569,585,598,221,191,201,223,238,249,147,117,129,143,161,184
3041002,129,127,128,129,130,132,333,307,320,332,344,366,213,197,204,212,223,231,601,570,595,606,613,620,184,168,174,182,192,204,127,110,116,124,136,151
3041003,129,127,128,129,130,131,328,293,312,329,346,364,207,186,197,208,218,226,574,534,553,576,597,610,218,187,198,215,234,255,133,104,116,129,146,165
3041004,129,126,128,129,130,131,328,294,313,329,345,363,207,187,197,208,218,227,575,535,554,577,598,611,216,185,196,213,234,253,134,105,116,130,148,166
3041005,128,125,127,128,129,130,325,283,307,325,345,366,197,174,184,196,208,220,574,537,555,575,595,609,229,194,205,224,249,270,150,117,129,145,164,183
3050001,128,125,127,128,130,130,327,285,314,330,347,362,208,189,199,209,218,227,570,519,549,575,596,608,221,184,197,217,240,268,139,113,123,136,153,170
3404001,131,127,128,131,133,136,332,306,318,332,347,361,193,153,177,198,212,224,598,555,576,601,623,637,208,178,189,204,225,242,182,122,138,165,217,266
3414001,132,127,129,131,135,138,338,311,324,338,352,365,185,155,171,186,201,214,594,566,580,595,611,623,219,187,201,218,238,251,227,143,177,222,269,317
3421001,131,127,129,130,135,138,333,305,318,334,347,359,195,160,178,197,212,223,586,561,577,588,601,614,217,185,198,216,236,250,216,129,159,214,264,308
3430001,131,128,128,131,135,137,334,306,319,334,348,362,189,150,172,192,210,222,596,558,577,598,618,633,214,181,194,211,233,248,198,125,145,184,244,289
3430003,131,128,128,130,134,138,334,306,319,334,348,362,190,151,173,193,210,222,595,558,578,597,617,632,213,180,194,211,232,247,199,125,147,185,244,289
3431001,133,128,129,132,136,139,332,303,317,333,348,361,184,139,164,189,207,220,599,560,580,600,621,636,215,182,195,213,234,248,194,121,143,180,240,287
3434003,134,128,129,133,137,141,329,293,312,330,347,361,175,128,144,180,203,218,605,564,585,607,628,645,218,184,198,218,238,251,187,114,137,171,232,281
3450001,135,129,131,136,139,141,330,291,310,331,350,364,161,122,132,152,191,211,616,574,598,621,639,653,221,187,202,223,240,252,180,104,128,165,227,277
3453001,135,129,131,135,140,143,325,281,306,329,349,364,160,122,131,152,190,211,618,574,598,622,640,655,220,185,201,222,239,252,174,96,122,159,220,274
3802001,131,127,128,130,133,136,332,306,317,331,348,362,196,174,187,199,209,217,583,553,570,585,600,612,218,190,202,218,234,249,222,136,160,206,266,334
3804002,131,126,128,130,134,139,332,304,318,332,349,363,194,166,183,198,209,219,587,558,573,588,603,615,217,182,197,218,237,251,243,136,169,231,299,372
3806001,133,127,129,132,137,141,331,301,317,332,347,360,189,153,175,194,207,218,590,559,575,588,605,620,220,185,202,223,238,250,235,128,165,226,290,357
3814003,131,127,128,130,132,136,330,305,316,329,344,358,204,184,194,205,215,224,595,571,583,595,608,620,200,172,185,198,215,229,240,150,181,234,286,346
3815001,132,127,129,131,135,141,328,299,313,328,343,357,196,161,186,200,212,222,597,571,582,595,609,625,206,174,188,205,225,239,231,133,169,224,280,343
3815002,131,127,129,131,134,138,329,303,314,329,343,357,201,177,192,203,213,223,594,571,581,595,607,620,203,173,186,201,221,236,238,143,177,231,286,347
3820001,132,127,129,132,136,141,329,300,315,330,345,359,191,154,178,197,210,219,593,564,578,592,607,623,214,179,195,215,234,246,232,129,165,223,286,349
3820002,133,127,129,132,136,141,329,300,314,330,345,359,191,152,177,197,210,219,594,564,578,592,608,624,214,179,195,215,234,246,232,129,165,222,284,349
3820003,133,127,129,132,137,141,329,298,314,330,345,359,189,148,176,197,209,219,594,565,578,592,608,626,215,179,195,216,234,247,230,128,161,222,283,349
3825001,135,127,129,134,140,142,317,272,300,322,340,356,179,120,156,190,207,217,602,567,581,598,620,650,217,178,195,218,236,255,207,99,135,195,266,331
4301002,126,124,124,126,126,128,333,305,318,335,348,360,212,196,202,212,219,227,607,588,599,610,619,627,180,163,170,177,187,200,321,234,274,317,363,407
4302001,129,126,127,130,132,133,334,312,321,333,346,357,200,183,191,201,211,219,606,578,591,607,621,632,192,167,177,188,206,223,242,151,178,229,291,356
4308001,130,125,127,129,133,137,332,305,319,333,347,359,201,173,191,204,215,224,599,572,585,599,614,626,198,170,180,196,216,231,302,175,228,295,367,435
4311001,128,125,125,127,129,135,340,313,327,341,356,368,219,203,211,219,228,237,601,584,593,602,610,619,178,166,172,178,185,191,478,344,396,466,561,627
4313001,128,124,125,127,129,135,340,313,327,343,356,367,211,191,201,212,222,230,606,589,597,606,615,624,181,168,174,181,188,196,476,336,396,469,560,626
4314002,130,125,125,127,134,142,336,295,321,339,355,368,208,179,196,211,222,232,605,585,595,605,616,627,185,168,174,183,192,206,452,277,365,446,546,617
4320001,130,125,127,129,133,138,333,301,318,335,350,362,202,173,192,206,216,227,601,575,588,601,614,627,195,169,177,191,211,228,343,189,247,328,420,525
4323001,132,125,127,130,136,143,328,288,311,331,348,361,200,167,185,203,215,227,603,575,589,604,618,632,195,170,178,192,211,227,354,195,253,341,440,530
4501001,126,124,125,126,128,129,341,316,328,341,354,366,217,200,208,216,226,235,604,589,596,605,614,621,177,164,170,176,184,191,453,327,380,442,530,592
4503001,135,125,127,133,144,146,314,269,285,316,343,358,206,173,188,208,224,237,611,584,596,610,625,641,182,166,172,181,190,198,406,220,269,417,504,580
4511002,126,124,124,125,128,131,333,304,321,335,349,360,216,200,207,215,224,233,598,581,591,599,608,615,184,172,178,185,191,197,544,431,487,542,600,658
4512001,128,124,126,127,129,133,323,285,309,326,341,353,218,197,209,220,229,236,597,574,583,598,611,621,183,166,173,184,193,199,542,422,487,546,601,655
4513001,130,124,126,128,132,142,322,280,304,326,343,356,220,201,210,219,229,238,596,574,585,597,608,618,183,166,174,184,192,198,539,386,476,547,611,676
4514001,128,124,125,127,131,136,331,299,319,334,347,359,218,199,207,217,229,241,598,581,587,598,609,618,182,169,175,183,190,195,513,388,446,517,577,634
4515002,132,124,126,130,140,144,317,270,292,325,342,356,220,200,207,217,230,243,601,579,588,599,613,626,178,161,169,179,187,194,499,300,423,517,585,649
4520001,125,123,124,125,126,128,350,325,335,348,363,377,210,197,202,210,217,224,605,589,597,605,613,620,184,170,175,184,191,199,432,324,370,423,482,555
4522002,132,125,126,129,140,145,317,269,288,324,344,359,216,192,202,214,228,243,602,576,588,602,617,630,180,164,171,180,190,200,421,273,336,412,499,574
4523002,133,125,127,130,142,145,313,268,285,319,340,354,219,197,207,218,230,244,600,575,586,600,615,629,179,159,170,180,190,197,498,304,414,511,585,656
4530001,132,125,126,129,141,143,313,270,290,317,335,349,221,202,211,221,232,241,595,569,580,596,611,622,182,160,172,183,192,201,561,357,487,569,654,735
4531002,136,126,127,140,144,145,297,252,271,297,326,343,227,205,214,226,239,253,599,571,584,600,615,625,173,147,155,173,188,199,511,266,427,520,615,711
4532001,130,125,126,128,132,139,315,272,301,319,334,346,216,197,205,215,226,236,599,572,584,601,616,624,184,165,173,183,194,204,574,437,509,572,644,731
4533002,135,126,127,136,142,144,290,244,260,294,322,336,224,205,212,222,236,249,606,586,593,604,617,628,169,150,158,168,180,189,461,261,290,486,587,661
4537001,140,127,138,144,147,148,275,226,251,272,300,330,232,208,219,231,245,256,605,579,593,608,619,629,161,141,148,157,175,190,468,256,298,483,569,677
4558001,141,126,129,144,147,153,274,183,247,280,321,345,224,189,206,222,239,259,595,554,584,603,619,633,179,150,163,178,191,206,404,168,243,426,538,624
4703002,127,125,126,127,129,130,317,276,309,325,336,345,226,201,211,223,239,254,585,559,569,584,600,615,188,168,178,188,197,207,474,358,417,470,530,593
4704001,128,125,125,125,128,135,315,261,292,324,340,353,215,197,206,216,225,233,611,586,597,610,624,639,172,150,161,172,185,194,426,265,347,426,498,586
4704002,127,124,125,126,128,133,317,262,300,324,341,356,217,199,207,216,225,235,610,584,596,610,623,637,172,150,160,172,185,194,421,262,352,425,490,562
4711001,130,125,126,128,131,140,303,247,271,315,332,344,220,196,207,218,232,247,601,565,579,598,621,650,177,145,162,180,193,202,432,257,334,439,515,594
4712001,127,124,126,126,128,131,322,284,309,326,340,353,215,195,203,214,227,239,613,588,601,614,627,638,170,157,163,171,178,185,419,297,351,410,481,558
4714001,140,133,138,141,144,145,250,216,238,253,268,283,213,193,201,213,224,233,635,595,621,640,657,667,150,130,136,143,156,192,299,224,241,261,294,457
4716004,133,125,127,130,140,145,284,226,251,285,326,340,220,196,206,219,233,247,611,571,589,610,635,653,167,137,146,166,186,199,380,227,259,364,480,569
4721001,127,124,126,126,128,131,319,295,309,321,333,344,217,198,207,217,227,237,609,585,596,609,623,634,172,158,165,173,180,188,490,356,422,492,561,622
4723001,130,125,125,128,135,141,305,257,282,313,329,342,218,198,207,218,229,239,612,586,598,613,626,639,168,148,159,170,179,188,433,266,325,430,528,605
4726001,137,125,128,141,144,146,281,238,255,274,315,333,222,202,212,223,233,243,617,590,603,618,631,642,159,140,146,157,172,184,350,198,257,299,454,571
4730001,136,125,126,136,144,148,278,220,248,275,320,337,222,198,209,222,234,248,612,573,592,613,632,648,165,138,146,162,181,196,355,195,250,319,464,564
4810001,139,135,137,140,142,143,259,229,245,262,276,286,209,195,201,209,219,228,641,577,637,653,660,667,148,127,133,139,149,200,315,230,257,282,310,426
4810005,140,135,137,141,142,143,259,227,246,263,275,286,209,194,200,208,219,228,643,578,641,655,662,669,146,126,132,138,147,196,313,233,260,281,313,421
4810006,139,135,137,140,141,142,259,235,243,257,274,291,210,199,204,208,216,228,629,570,597,647,654,659,159,135,138,144,176,218,341,236,256,291,314,626
5100001,128,125,126,127,129,131,312,266,297,322,332,340,218,201,209,219,227,235,599,570,581,599,615,626,182,162,170,180,195,205,446,305,353,437,517,604
5101001,129,126,127,128,130,135,304,265,288,312,325,334,216,203,207,214,223,232,585,544,562,589,609,620,198,166,178,196,219,235,522,309,445,526,617,685
5110002,134,126,128,135,139,142,270,222,239,260,311,330,212,196,203,211,221,230,620,573,595,628,648,659,166,133,141,162,185,207,356,201,227,294,474,596
5120001,138,127,133,139,142,146,238,165,206,239,268,317,216,194,204,214,228,242,609,527,578,623,648,661,173,135,143,161,199,234,273,97,138,238,339,529
5200001,129,126,127,128,131,136,301,240,271,314,332,341,219,198,208,219,231,241,602,562,580,603,623,642,178,152,164,175,191,208,420,263,316,405,498,617
5221002,137,128,132,137,142,145,228,158,197,227,252,310,220,197,207,217,231,245,601,534,576,612,633,646,178,143,153,168,201,230,252,110,157,220,298,444
5320001,137,127,132,138,143,146,169,110,133,177,206,222,251,229,239,251,263,274,511,484,494,508,525,546,237,212,224,238,251,261,156,95,111,139,193,245
5401003,126,124,125,126,128,129,325,307,316,326,334,344,247,220,233,247,261,275,536,513,523,535,549,561,215,195,204,214,227,238,475,345,409,471,529,592
5402001,126,122,124,126,127,129,317,295,309,320,330,339,245,225,234,246,257,267,536,511,524,537,549,562,216,194,203,216,229,241,484,326,384,465,562,652
5402015,126,122,124,126,128,130,321,303,311,321,331,340,243,225,233,243,253,263,542,517,529,541,556,568,213,190,200,214,227,238,477,338,398,465,546,629
5403002,126,123,125,127,128,129,320,298,312,323,332,341,249,224,236,247,262,275,537,513,524,537,549,562,213,191,201,213,226,238,469,321,384,460,534,615
5406001,126,124,125,127,128,130,315,282,308,322,332,342,249,226,237,250,262,275,537,514,524,536,549,562,212,189,200,212,223,236,462,315,378,456,530,605
5410002,127,124,126,127,129,130,312,261,306,322,333,343,253,228,241,254,267,278,540,517,528,540,552,564,206,182,192,204,217,230,446,302,368,446,514,584
5410005,129,125,126,128,130,137,292,203,254,315,330,341,248,216,235,251,264,277,546,519,530,543,559,581,204,180,191,203,216,229,403,209,299,410,494,568
5411001,130,127,127,129,132,136,257,201,217,258,293,320,256,236,246,257,268,276,538,521,528,537,548,562,204,190,196,203,211,220,321,211,258,296,354,489
5414001,128,125,126,127,129,131,317,266,309,326,337,345,238,211,225,239,252,263,575,543,556,571,593,611,186,167,176,186,196,207,413,275,343,411,483,548
5421002,137,130,133,136,141,144,219,163,196,222,243,264,222,199,210,223,233,243,602,570,583,600,622,638,175,147,158,174,189,208,274,173,199,244,314,414
5423003,130,125,127,129,135,140,277,189,223,301,328,340,240,208,223,241,258,271,564,526,540,559,589,611,194,166,178,194,209,223,366,189,241,362,469,546
5701001,125,121,124,126,126,127,309,284,300,311,322,333,239,222,229,238,249,258,535,508,522,537,549,561,225,197,208,224,240,254,447,278,345,436,535,629
5701002,125,123,124,126,126,128,310,282,300,313,323,335,240,221,230,239,249,259,534,500,518,536,552,565,225,192,206,225,243,260,441,258,333,439,533,626
5702001,125,121,123,125,127,129,305,279,298,311,321,330,247,229,236,247,256,266,529,499,514,531,545,556,223,196,207,222,237,254,426,275,334,414,498,598
5703006,125,122,124,125,128,130,313,299,307,314,322,328,246,226,233,243,260,272,539,511,523,542,555,563,214,202,209,214,220,224,450,329,379,438,511,585
5704002,126,122,124,126,128,129,306,275,298,311,322,331,243,224,232,242,254,265,530,497,513,532,548,562,225,195,208,225,242,257,434,260,326,425,523,617
5705001,126,121,123,126,128,129,313,293,304,314,324,335,246,226,235,245,258,269,525,500,511,525,540,552,227,205,215,226,239,250,460,318,375,446,526,613
5706001,126,122,125,127,129,130,315,293,306,317,326,337,245,225,234,245,256,266,524,502,511,524,536,548,230,208,218,230,242,252,404,252,307,389,482,574
5707002,126,121,124,127,129,130,306,264,298,313,324,335,249,226,235,247,261,272,520,495,507,520,535,548,230,207,217,229,242,252,414,258,313,398,492,581
5710001,126,121,124,126,128,130,302,256,293,311,322,332,246,225,233,245,257,269,524,492,506,525,542,557,228,200,213,228,243,257,418,256,308,405,506,602
5716001,134,125,127,131,141,145,203,135,158,196,226,305,222,197,207,220,237,250,485,436,463,487,508,530,291,245,265,282,319,355,256,151,165,229,309,395
5720001,128,127,127,128,130,131,293,240,272,301,318,331,254,229,241,256,269,277,518,497,508,518,528,542,226,203,212,226,238,251,343,265,291,334,382,434
5721001,127,121,126,127,129,130,311,281,306,316,324,332,250,231,241,250,261,270,513,496,503,513,522,532,235,213,224,235,248,258,364,263,305,357,413,474
5721016,128,125,127,128,130,130,310,280,301,314,325,334,253,232,242,252,264,276,520,502,510,520,531,541,225,202,211,226,238,249,383,265,330,389,435,483
5722001,128,126,127,128,129,131,295,223,264,311,329,340,259,228,242,257,279,290,531,504,514,532,547,561,209,186,198,207,219,232,382,255,288,382,466,518
5722002,128,126,127,128,129,131,294,234,273,306,320,332,255,231,242,256,269,279,517,498,507,517,527,539,226,203,211,226,239,252,352,261,292,342,399,457
5730008,128,125,126,128,129,132,263,205,216,246,318,345,259,217,233,268,285,292,520,494,501,511,534,563,220,205,208,215,231,246,359,255,293,328,431,506
5734001,137,130,134,138,140,143,190,146,165,191,212,230,232,210,219,230,242,257,597,544,568,601,626,643,170,138,149,169,190,204,192,121,137,169,217,300
5737002,135,127,128,135,140,144,224,161,185,209,266,318,240,210,223,240,259,274,565,510,526,559,606,629,192,151,170,195,213,231,258,130,158,238,333,429
5741001,131,125,128,130,134,137,220,194,208,222,232,244,237,216,223,235,250,260,565,528,539,560,591,609,197,165,182,200,214,224,322,206,229,280,354,553
5746001,138,129,133,137,143,147,180,135,155,183,206,223,221,175,200,225,243,258,535,497,511,528,558,587,242,176,197,248,285,307,202,126,148,179,234,294
5748001,133,125,127,130,140,145,232,142,178,215,304,323,235,199,219,236,254,269,529,481,502,525,551,591,234,178,205,232,262,292,292,136,171,261,380,504
6000003,126,123,124,126,128,129,305,278,298,311,321,332,233,214,224,234,244,251,533,507,520,534,548,559,232,202,215,232,250,265,440,261,308,396,570,672
6002001,125,121,123,126,127,129,297,257,290,303,315,325,229,213,221,230,239,246,523,495,510,524,540,551,246,216,228,246,263,278,428,252,290,376,563,651
6003001,125,122,124,126,128,129,299,258,291,306,317,328,233,214,223,233,244,254,527,494,512,529,544,554,238,206,219,236,257,276,438,254,298,399,565,669
6006001,126,122,125,126,127,129,309,283,300,313,323,333,235,217,225,235,246,255,527,492,509,526,544,561,236,205,222,237,254,267,455,250,297,430,572,720
6008005,126,123,125,126,129,130,283,197,258,303,318,330,236,215,225,236,247,257,513,470,489,517,538,552,250,212,226,249,271,286,407,238,273,345,526,657
6011001,136,129,131,138,140,143,165,131,141,162,189,201,214,189,196,206,230,250,436,409,415,424,456,481,350,274,301,371,385,394,239,174,197,227,274,325
6013001,126,123,125,127,128,131,252,180,195,253,311,324,235,202,219,237,254,263,490,446,460,490,519,536,274,244,257,274,289,303,362,244,274,318,392,582
6015001,135,125,128,136,144,146,182,129,144,171,196,288,221,195,203,217,238,254,455,413,423,452,483,510,322,264,283,313,368,382,258,159,184,227,302,376
6018001,135,126,128,135,142,146,172,125,143,176,195,211,233,210,220,232,247,261,470,440,453,470,488,501,295,271,282,293,305,320,231,146,165,209,289,347
6019003,132,123,126,130,140,144,215,134,161,194,293,318,228,200,212,229,244,256,481,422,453,482,510,538,289,228,258,283,310,368,302,164,200,265,344,533
6027001,127,123,125,127,129,131,227,170,184,205,281,312,240,210,222,242,256,268,474,428,446,475,499,517,285,256,271,288,302,310,306,215,247,288,343,408
6028001,125,122,124,126,128,129,274,186,225,294,314,328,237,213,225,238,250,261,507,465,483,507,530,553,255,206,232,260,278,293,403,232,267,333,529,665
6033011,132,123,125,129,140,145,167,133,144,171,189,199,270,236,249,267,293,308,390,343,357,392,422,439,338,299,319,341,358,372,280,132,173,284,362,429
6034022,139,125,128,141,148,152,161,131,141,159,181,195,276,238,253,275,303,316,391,345,359,388,421,444,331,298,315,333,347,362,226,123,140,180,304,390
6034023,131,123,125,128,137,147,222,140,165,197,296,319,247,216,230,245,260,286,466,376,434,472,507,536,285,225,260,285,315,340,317,150,202,278,375,572
6035001,133,124,126,129,143,147,208,129,151,188,281,315,244,212,227,241,257,279,469,387,442,476,507,532,285,234,261,285,313,338,289,134,171,252,342,534
6043001,131,125,128,130,134,139,192,167,180,192,204,217,236,215,225,237,248,257,490,466,476,488,501,514,273,242,259,274,287,300,250,148,179,236,303,361
6132001,140,132,136,140,144,149,159,117,134,158,186,203,219,201,210,219,228,237,507,480,494,509,522,531,272,250,259,270,285,301,244,116,136,220,316,396
7102005,126,123,125,126,128,128,294,225,278,306,322,337,236,212,223,237,249,261,511,472,487,513,535,548,252,208,225,253,280,295,418,234,277,369,556,657
7103001,124,120,123,124,126,128,239,172,187,219,300,320,237,210,222,238,253,262,477,432,453,475,499,523,285,248,273,288,304,315,331,234,257,291,345,512
7104002,125,122,123,125,127,128,264,184,206,281,313,329,238,211,224,239,253,263,491,444,464,490,521,540,270,218,246,277,295,308,375,236,268,318,458,614
7112001,122,117,120,122,124,126,273,186,230,289,314,331,237,213,225,239,250,259,499,436,473,509,530,544,263,212,228,261,295,319,436,239,284,419,572,654
7115001,121,118,119,122,123,126,260,179,202,272,310,333,240,217,228,242,253,262,474,414,445,482,505,519,284,233,256,285,313,335,399,238,274,335,530,636
7116001,124,118,120,123,127,130,192,150,174,187,202,230,244,212,230,249,260,269,444,413,422,436,463,488,310,276,292,310,326,347,319,234,269,310,364,418
7123001,131,120,123,127,139,148,207,127,154,189,275,316,240,207,222,241,256,273,470,417,438,468,500,528,289,233,267,292,314,333,339,163,228,300,402,591
7200002,128,122,125,128,131,135,150,110,128,151,174,189,230,206,219,231,242,253,481,457,469,482,494,506,287,261,273,286,299,319,772,623,711,786,853,913
7300001,121,119,119,121,123,125,308,268,289,310,329,344,236,221,228,236,245,253,523,498,512,526,536,547,240,215,224,238,252,269,529,353,456,536,610,681
7303000,122,119,121,122,124,124,294,228,274,304,323,340,236,217,226,236,246,256,506,459,488,510,528,542,257,216,231,252,280,309,455,243,323,471,563,636
7306001,121,118,119,122,124,125,299,246,279,306,326,342,235,216,225,235,245,253,509,469,495,515,528,540,254,218,230,249,278,298,439,246,320,441,537,620
7308001,119,115,117,119,122,124,202,163,173,186,223,281,238,220,228,238,248,256,443,387,427,450,467,483,318,278,290,308,334,382,301,229,254,287,334,383
7308002,122,119,120,121,124,125,283,189,257,298,322,339,234,214,223,233,244,253,497,447,476,504,525,538,267,219,236,263,294,320,422,233,286,416,533,619
7317003,122,120,120,122,124,126,247,152,188,259,299,322,228,205,218,230,241,250,478,426,459,484,503,520,293,241,265,286,316,350,358,217,261,328,429,542
7317005,122,120,121,122,124,125,252,156,202,266,301,324,229,205,219,230,241,251,482,437,465,487,504,521,288,239,264,284,311,339,357,215,258,325,430,546
7320003,121,117,119,122,123,125,240,157,175,243,302,328,229,210,219,229,240,248,465,414,441,473,496,509,304,263,277,298,327,357,360,229,258,317,439,546
7321002,122,118,120,122,124,125,260,161,204,278,311,333,231,210,221,232,243,252,483,427,461,490,514,531,284,227,252,280,310,345,386,226,270,352,488,586
7322001,122,118,120,122,124,126,251,154,185,268,308,331,234,210,221,233,244,255,468,367,447,485,510,529,297,229,255,285,323,381,381,223,267,350,477,581
7330001,116,112,113,116,118,122,140,103,119,139,158,176,213,181,195,214,231,246,402,365,377,398,426,448,383,337,355,385,412,429,527,330,386,472,654,811
7332001,123,112,115,119,131,142,135,93,109,132,155,179,233,181,194,219,273,311,374,310,341,377,407,433,391,347,366,394,417,434,437,243,317,411,505,695
7335001,129,114,117,125,143,147,160,97,115,143,183,256,233,182,197,221,265,310,390,317,354,388,423,460,375,321,346,374,407,428,418,239,288,395,493,657
7335002,146,143,144,147,148,149,239,183,219,234,274,292,287,212,280,305,315,321,372,314,338,370,395,440,340,308,320,340,356,375,294,238,257,280,309,368
7336001,128,120,123,127,133,139,137,95,109,133,163,183,235,213,222,236,249,259,458,409,428,454,491,514,305,256,277,310,331,345,860,622,707,856,997,1100
7339001,135,122,126,134,145,151,163,101,116,145,189,248,223,195,209,224,239,251,491,428,467,501,519,534,285,248,260,280,307,331,760,510,610,743,931,1078
7341001,130,123,125,130,134,139,143,107,122,141,165,186,218,196,204,215,232,247,476,448,460,476,493,506,304,277,287,301,318,338,773,631,704,782,846,891
7343001,132,124,128,131,137,143,139,102,116,136,161,184,217,197,204,214,231,246,472,443,456,472,490,502,309,280,292,306,325,342,681,291,613,739,825,879
7350001,116,112,114,115,119,121,166,129,143,157,173,220,217,188,203,218,233,245,407,353,372,405,437,464,375,324,345,368,408,443,491,329,373,445,590,732
7350002,116,112,113,115,118,119,155,138,145,154,164,174,227,198,212,230,243,254,376,352,359,372,392,407,396,359,373,395,420,431,535,362,409,495,621,787
7350003,116,112,114,116,119,121,172,131,145,160,182,246,215,190,203,216,229,240,422,371,396,423,449,472,361,313,337,356,383,420,487,321,366,431,600,735
7354002,118,113,115,117,121,123,180,126,146,165,199,275,218,185,201,220,234,249,392,311,335,375,459,486,388,296,335,379,451,482,433,279,339,414,504,611
7355001,120,116,117,119,122,125,171,126,149,166,182,228,223,190,208,224,239,254,368,294,309,350,427,468,408,320,351,403,468,496,428,280,334,415,511,604
7355002,119,116,116,118,121,123,183,146,158,171,188,246,219,189,207,222,234,246,387,297,325,386,444,479,392,313,340,381,448,488,450,303,353,427,551,624
7355003,120,116,118,120,122,124,196,141,154,174,233,291,208,181,194,211,222,230,440,361,416,446,478,501,351,300,323,345,371,414,420,297,323,375,520,597
7357002,134,116,122,136,145,149,173,102,121,153,212,278,236,186,205,226,258,308,422,315,361,424,488,517,342,271,299,340,382,417,479,225,271,389,658,864
7358001,128,117,119,123,138,143,172,119,140,166,193,249,295,213,243,291,358,371,306,268,276,299,328,353,398,352,363,384,421,472,365,181,246,360,478,541
7359001,132,116,119,133,144,147,174,106,126,158,207,273,242,188,206,231,274,315,401,297,333,398,471,510,355,279,311,353,395,430,447,217,271,374,583,806
7372001,129,117,120,124,136,151,172,116,139,169,192,231,248,216,234,250,264,278,435,390,404,433,465,485,315,269,287,315,340,363,278,128,207,289,347,398
7374001,120,115,117,120,123,125,158,103,127,161,185,203,235,206,220,234,251,264,370,291,322,365,413,462,393,303,341,390,439,485,350,222,281,350,413,469
7379002,136,118,123,137,149,155,157,109,128,151,180,212,280,217,236,265,323,363,377,279,316,380,434,472,341,286,312,337,363,402,256,119,159,243,336,411
7381001,136,127,131,136,142,146,159,116,134,156,181,204,220,200,210,220,231,241,465,436,450,465,480,493,314,287,299,314,328,343,398,244,270,323,468,703
7383001,130,116,121,126,142,148,193,113,136,172,248,306,243,194,213,234,259,315,421,301,355,438,486,519,334,258,289,329,372,415,404,196,257,343,506,712
7400001,126,122,124,126,129,132,135,111,121,133,147,163,222,199,209,221,235,246,501,474,488,502,515,527,276,259,267,276,286,294,887,744,799,876,963,1056
8104001,119,114,117,120,122,123,187,121,137,176,234,273,200,171,184,201,217,229,452,423,438,454,467,480,346,320,334,347,359,371,448,291,346,438,520,617
8105001,118,113,116,119,120,123,184,118,131,161,234,283,200,169,182,200,217,230,454,416,436,456,474,492,345,316,330,344,358,374,503,312,377,480,593,745
8106002,117,112,114,118,120,122,175,118,131,152,212,272,202,169,184,204,221,232,443,396,418,446,468,487,353,320,335,349,367,396,510,318,381,486,607,754
8112001,113,109,111,114,116,119,142,116,129,143,156,169,222,188,206,225,239,253,384,348,361,383,405,425,393,356,372,392,414,430,580,392,464,554,694,816
8114001,122,112,115,118,131,137,134,92,109,132,153,172,231,186,206,229,255,290,360,315,333,362,385,405,407,372,390,408,425,438,433,236,311,421,522,641
8117005,126,111,116,126,134,142,144,80,102,129,165,253,246,181,216,250,287,302,351,310,324,345,371,401,401,353,378,403,429,444,393,213,268,379,480,601
8117006,113,109,110,113,115,117,145,115,126,141,157,175,225,198,212,225,240,252,382,333,352,381,406,432,392,359,374,389,410,430,545,390,440,512,620,763
8123001,117,109,111,115,123,130,121,84,101,122,140,155,338,258,324,351,371,384,275,236,245,258,284,352,386,363,375,386,397,408,375,253,297,363,436,510
8124001,121,110,114,121,127,132,122,84,103,123,140,156,326,254,287,339,363,380,279,238,248,264,294,350,394,366,379,391,408,429,369,248,286,348,432,521
8124002,119,109,112,117,126,131,119,82,100,120,137,152,337,262,323,348,368,383,272,236,245,258,280,343,390,365,377,389,402,417,360,249,284,343,419,496
8130001,112,109,110,111,115,119,151,110,124,138,158,218,224,196,207,222,240,258,404,335,356,406,444,472,370,320,341,374,401,416,500,368,405,470,560,698
8130002,112,108,110,113,114,117,144,106,118,133,153,186,232,194,207,224,248,270,400,334,367,401,435,467,367,327,345,368,389,407,511,387,430,481,560,695
8132001,120,110,113,118,126,130,121,76,96,121,140,158,271,206,226,254,315,363,323,252,277,316,353,413,404,354,379,404,438,453,388,218,264,364,480,589
8134003,134,125,129,135,140,143,160,86,118,150,190,261,270,224,254,276,294,311,334,293,312,336,357,373,394,353,372,395,418,438,332,193,226,280,401,560
8135002,124,111,116,124,131,137,130,84,103,127,149,173,293,225,255,287,337,367,312,246,266,309,349,381,393,352,372,392,415,441,423,230,273,370,510,708
8140002,124,112,116,123,134,140,150,91,113,137,167,242,264,192,220,263,304,345,351,260,306,348,393,442,384,335,357,384,411,435,438,238,294,402,531,701
8141001,124,113,116,123,133,140,148,91,112,135,165,238,264,194,222,263,301,342,353,262,309,352,396,442,381,332,354,381,409,434,458,244,303,418,555,759
8144001,132,122,126,132,138,143,155,91,105,133,184,268,247,211,233,250,264,276,410,378,392,407,425,442,342,315,328,342,358,371,703,525,577,672,802,951
8210003,122,119,120,122,123,124,125,103,111,123,139,153,293,259,277,298,312,322,391,362,374,387,407,427,314,296,306,315,325,331,1060,887,943,1014,1106,1351
8220001,122,119,119,121,124,126,110,89,97,109,123,136,302,271,288,304,318,329,373,347,358,371,387,404,323,292,306,322,342,358,941,746,857,965,1036,1094
8220008,120,118,119,120,121,123,115,98,105,113,123,136,298,285,291,298,305,313,393,369,380,389,400,432,307,275,301,312,321,328,1042,948,999,1049,1093,1151
8220009,122,118,121,121,124,126,108,87,96,107,121,133,302,269,286,304,319,330,369,346,355,368,381,395,328,298,310,327,345,360,925,736,838,949,1018,1079
8220010,122,119,120,122,124,126,109,87,97,109,121,134,302,269,286,305,319,330,370,346,356,368,383,398,327,296,308,325,344,359,929,738,845,954,1021,1082
8304001,111,105,108,112,115,117,127,93,104,119,140,167,226,203,212,223,237,261,338,305,319,338,356,374,434,402,415,433,453,469,478,366,404,455,521,609
8307002,115,109,112,115,118,120,127,86,99,116,141,187,199,117,167,214,236,253,427,321,349,394,514,565,371,299,325,374,418,445,443,338,379,432,496,562
8308000,114,109,110,114,117,118,156,96,109,133,193,262,242,186,225,249,267,281,376,311,332,359,403,473,382,322,358,386,405,434,463,351,390,452,525,591
8312000,114,107,110,114,118,120,131,88,101,119,146,199,211,129,191,222,243,262,406,313,335,372,472,549,382,307,336,389,424,450,454,347,386,444,508,577
8312001,114,107,110,114,118,120,131,88,102,119,146,199,211,129,191,222,244,262,405,314,335,372,470,548,383,307,338,389,424,450,454,347,387,444,508,577
8313000,111,106,108,110,114,117,132,91,105,122,144,193,246,221,230,244,261,274,340,310,322,337,355,377,413,386,398,410,431,450,455,364,393,442,504,562
8313001,113,106,110,114,118,120,132,89,102,120,147,198,213,131,194,223,244,263,402,313,335,369,463,546,384,308,340,391,426,452,456,347,389,445,509,577
8316002,109,104,106,108,111,114,124,93,106,123,143,159,273,237,252,272,297,311,290,247,262,288,318,338,435,400,414,434,454,472,460,362,392,448,517,580
8317001,113,106,109,113,117,119,132,89,103,121,147,190,224,144,206,231,255,278,383,300,323,355,423,532,392,315,358,398,429,453,459,352,391,449,513,581
8317002,112,106,109,112,114,117,126,96,109,127,144,156,301,253,278,306,327,339,219,193,200,214,235,256,478,453,465,477,491,504,431,328,373,421,486,546
8317004,113,106,110,113,117,119,132,89,103,120,148,194,220,140,203,229,250,270,391,309,329,360,435,537,388,313,352,395,425,450,460,353,394,450,513,581
8317005,113,106,109,113,117,119,132,89,103,120,147,192,223,144,205,231,253,275,385,303,325,356,427,534,391,314,356,398,427,452,459,352,394,449,513,581
8319001,113,106,110,113,117,120,131,89,103,120,147,186,234,149,210,235,262,300,371,264,315,349,410,527,393,317,361,400,431,457,450,336,382,441,508,576
8323001,117,108,111,117,122,126,124,90,105,123,139,158,320,256,282,317,358,391,273,230,241,258,291,351,405,363,386,405,426,451,366,246,284,350,433,515
8323002,113,106,108,112,115,119,129,94,108,125,144,164,292,242,267,291,318,340,291,238,250,276,330,361,416,378,396,414,440,458,407,282,334,399,476,546
8324002,126,122,124,126,127,129,149,131,140,150,160,167,351,337,346,353,358,363,237,218,222,230,254,265,411,391,400,414,422,426,368,279,296,334,388,538
8330001,117,111,114,117,120,124,116,92,100,112,128,148,367,282,319,370,418,447,219,193,204,217,229,248,412,348,366,407,458,482,383,284,324,376,432,491
8332001,114,103,105,114,121,126,123,93,105,120,139,156,323,234,258,322,386,424,244,197,207,222,284,316,432,368,392,437,465,488,439,283,353,434,515,591
8334001,114,106,110,114,119,124,129,90,104,121,145,174,263,179,220,252,309,372,338,225,263,327,374,498,397,327,369,399,430,458,436,301,360,429,502,575
8342001,108,101,103,107,111,115,133,98,113,132,152,168,296,226,242,273,326,422,287,201,240,298,333,356,415,354,389,421,446,468,472,342,404,469,535,605
8343001,118,111,115,119,121,125,120,96,105,118,134,148,377,300,321,368,419,488,199,169,182,198,208,225,423,324,375,423,474,510,379,274,318,373,433,488
8351001,110,103,106,110,115,119,128,98,112,128,144,159,305,216,237,274,357,448,266,170,195,292,325,343,428,361,406,430,454,486,470,314,402,473,538,607
8356001,123,116,118,123,129,133,123,93,103,118,144,162,367,290,315,354,424,452,295,203,227,302,350,398,337,294,317,337,354,380,367,276,310,354,411,474
8358001,119,111,115,120,125,129,124,93,104,121,143,160,368,276,312,362,423,467,272,186,213,276,321,356,358,300,322,346,392,438,420,288,337,407,486,566
8362001,116,113,114,115,118,121,132,104,118,132,147,159,396,334,379,404,423,438,300,264,282,301,319,333,303,259,273,301,326,358,576,439,498,564,644,726
8366002,126,123,124,126,128,130,153,135,143,154,164,173,355,344,348,355,362,369,250,233,242,251,261,267,393,379,384,392,402,410,462,298,375,479,543,590
8372002,119,116,117,119,121,123,200,105,137,207,257,288,178,152,161,175,192,210,489,470,479,488,500,511,331,301,316,333,348,360,578,449,496,557,651,744
8376001,110,105,107,110,113,116,132,99,111,129,149,167,294,256,274,294,315,337,305,261,271,301,332,358,399,373,384,398,413,433,451,332,373,443,519,585
8380001,115,108,112,116,119,122,158,102,118,141,185,247,240,169,190,224,292,329,394,276,314,406,470,494,365,320,339,367,389,406,504,331,413,491,590,697
8380006,115,108,112,116,119,122,158,102,118,141,185,247,240,169,190,224,292,329,394,276,314,406,469,494,365,320,339,367,389,406,504,331,413,491,590,697
8381003,116,108,113,117,120,123,154,102,116,137,180,242,245,171,193,234,300,332,385,271,301,391,467,493,368,321,341,370,393,413,493,312,397,481,579,689
8383001,118,109,114,118,122,127,153,103,117,139,173,233,255,173,198,252,313,341,372,263,288,365,458,490,372,323,345,374,397,417,498,317,402,488,585,693
8393002,121,119,120,121,123,124,113,93,101,110,124,138,312,291,302,311,321,333,374,351,361,371,383,406,313,295,304,315,323,330,967,812,892,983,1043,1103
8394001,118,108,112,117,122,128,132,92,107,126,149,175,295,199,235,296,345,402,324,221,266,314,359,453,380,310,344,384,414,445,494,306,373,459,571,735
8700002,115,112,114,114,117,118,122,99,108,121,136,147,446,417,429,446,463,477,264,233,248,263,283,297,288,270,279,288,298,306,512,375,406,461,569,707
8700003,116,114,115,116,118,119,121,99,109,121,133,142,463,444,453,463,475,484,254,239,245,254,262,271,281,271,275,280,287,292,474,367,396,446,552,613
8720001,115,112,114,116,117,119,126,100,112,125,140,152,443,406,423,444,463,480,263,229,243,259,280,305,292,270,280,292,304,314,563,400,465,551,638,735
8820001,113,111,112,113,114,115,140,117,127,140,154,164,427,383,411,433,451,466,284,251,264,280,301,317,288,271,278,287,297,308,577,414,469,550,683,775
8821001,113,109,111,112,114,115,125,97,109,126,141,154,403,336,390,410,429,443,293,262,272,285,310,342,303,282,291,302,314,327,475,350,390,463,544,612
8821002,111,109,109,112,114,115,118,91,101,118,134,149,404,325,388,415,435,454,285,241,257,279,300,353,310,288,299,310,321,333,444,339,364,429,512,581
8821003,114,112,113,114,117,117,141,119,129,141,154,164,444,391,419,450,470,487,249,219,228,240,263,298,306,288,298,307,315,322,506,409,447,491,553,631
8821006,113,110,111,112,115,116,128,98,111,129,143,157,408,340,386,413,436,458,284,237,259,280,307,341,307,285,295,306,318,330,468,350,394,457,529,595
8822002,112,109,111,112,114,115,123,98,109,122,137,147,426,388,409,426,444,464,257,228,240,254,274,289,316,288,301,315,329,344,432,340,364,416,483,546
8910001,115,111,113,115,117,119,132,110,121,132,143,153,450,388,411,450,486,515,238,198,214,234,260,285,311,275,290,310,331,348,482,378,408,464,540,608
9101001,114,110,112,114,116,117,114,84,97,114,131,144,423,368,398,427,451,475,250,208,225,245,271,297,325,294,308,325,340,355,400,306,344,387,445,520
9101002,114,111,112,114,116,117,114,84,97,114,131,144,424,368,400,428,451,475,251,208,226,246,272,298,324,295,307,323,338,353,401,306,345,387,446,520
9102001,120,112,115,118,125,131,117,88,100,115,134,150,383,302,325,389,432,460,287,211,235,270,341,382,329,293,311,329,346,362,396,296,338,385,447,512
9104001,121,115,117,121,125,127,129,102,113,128,145,158,301,261,287,306,319,330,184,150,168,180,192,219,514,461,488,509,530,584,389,310,347,385,423,478
9104002,122,115,117,122,127,129,131,103,113,129,146,160,312,275,295,313,330,346,192,150,170,190,211,230,494,434,458,493,526,556,392,314,349,385,427,479
9106001,120,112,117,120,123,127,123,95,106,123,137,152,287,247,265,285,307,333,209,164,176,194,224,289,502,424,449,510,547,579,405,314,341,385,446,520
9107001,125,115,120,126,131,134,123,97,110,123,136,147,326,258,280,307,366,428,208,170,183,198,220,275,464,364,409,468,521,555,376,304,328,362,404,467
9113001,126,117,121,126,132,135,124,97,109,125,139,150,371,282,316,370,430,452,227,171,181,206,262,316,400,320,342,374,463,522,365,290,313,348,399,455
9116001,121,114,116,121,126,132,123,96,108,122,137,150,356,280,305,346,405,444,281,180,205,273,341,416,362,264,299,338,420,509,402,306,340,391,449,516
9122002,109,104,106,108,112,115,139,106,117,133,151,175,230,192,205,220,249,293,339,277,322,350,368,381,430,402,414,430,446,460,468,383,419,458,503,566
9123001,109,103,105,108,112,116,139,106,118,133,151,170,250,205,220,240,281,313,312,231,286,323,347,366,436,406,418,435,454,470,474,365,410,459,513,595
9126001,110,105,108,110,113,114,134,110,121,133,146,160,298,241,280,306,324,338,235,175,188,210,277,327,466,420,435,472,494,508,479,391,426,472,521,571
9127001,113,106,110,114,116,119,128,103,114,128,141,154,316,250,295,311,336,384,212,159,175,198,232,313,470,420,442,477,497,512,439,343,381,430,487,542
9129002,113,104,107,113,116,121,132,102,115,129,145,161,294,216,239,296,328,385,251,162,180,232,325,350,454,408,425,450,483,507,441,335,375,429,488,555
9131001,108,102,104,108,112,114,134,107,118,130,146,162,269,211,231,273,306,323,271,173,198,276,335,358,459,416,431,451,494,512,464,373,411,454,502,564
9134001,108,104,106,109,110,112,144,120,131,144,157,168,304,239,280,308,330,357,223,145,166,198,280,344,472,407,434,482,506,522,534,420,462,525,593,659
9135001,111,105,108,112,115,118,137,113,123,136,151,163,318,240,293,324,352,374,206,141,162,182,233,329,475,421,446,481,503,519,467,368,407,454,514,585
9140001,113,105,110,113,118,121,133,106,117,131,145,160,320,227,274,320,368,404,229,155,171,203,295,342,449,382,422,453,488,510,452,345,389,442,501,566
9400000,110,105,107,109,113,117,146,100,113,132,163,227,223,196,206,218,231,261,350,312,333,353,370,385,425,396,410,425,442,457,532,383,428,496,580,771
9402001,109,104,106,109,112,116,134,95,107,126,148,186,229,196,207,221,240,283,348,296,326,350,371,394,422,382,404,422,442,460,490,366,408,467,538,623
9404001,110,104,106,109,113,116,139,101,117,135,155,176,254,200,214,236,295,331,312,207,261,332,362,381,432,393,411,432,455,473,482,366,406,465,533,611
9405001,104,100,101,103,105,107,152,119,136,154,171,184,279,217,231,272,324,358,328,262,285,326,373,389,392,344,370,392,414,439,567,415,468,561,650,728
9412001,110,106,107,109,112,115,136,102,115,131,153,179,205,161,174,195,220,283,433,298,359,457,506,534,362,299,315,346,408,446,462,352,387,445,526,591
9414001,109,104,107,109,111,114,130,94,108,126,147,170,216,163,185,208,234,296,405,285,331,411,474,519,378,313,335,371,418,452,453,352,386,435,501,578
9416001,107,103,105,107,109,111,129,95,108,126,149,170,238,194,206,220,267,315,346,267,314,343,384,424,414,352,388,417,445,469,457,364,399,444,506,572
9420001,108,103,105,107,110,113,135,97,113,133,154,175,241,177,200,223,286,334,370,268,302,361,428,490,388,320,350,389,423,453,492,360,403,465,569,653
9423001,108,103,105,108,111,113,138,99,116,137,156,175,254,182,204,233,311,343,353,253,284,342,413,479,392,324,355,394,427,454,506,368,411,482,588,675
9433001,110,105,108,110,112,114,158,134,145,158,172,184,365,329,344,362,384,409,252,229,237,250,263,276,381,328,364,386,404,420,613,505,555,611,668,723
9434001,113,108,110,113,116,119,155,131,141,155,168,180,340,302,320,338,357,379,237,206,218,235,255,271,422,373,401,428,449,464,569,443,497,564,636,701
9436001,110,106,108,110,112,114,156,129,140,156,172,186,409,364,384,409,433,456,253,223,236,252,270,288,336,301,316,334,353,372,586,469,528,583,646,701
9437002,109,104,106,109,114,117,142,105,123,141,159,176,288,197,220,297,346,379,304,204,234,288,361,422,406,336,374,413,442,464,517,380,428,502,593,675
10100002,109,103,105,109,113,116,133,98,112,130,153,174,139,109,120,135,157,176,551,510,533,553,573,591,309,265,286,309,331,350,463,324,379,455,538,611
10100006,111,105,107,111,114,116,129,93,107,125,149,173,137,107,117,133,156,175,564,532,547,563,581,599,297,260,277,297,317,334,451,309,356,438,535,615
10102001,104,100,102,105,107,108,149,112,124,145,174,194,168,126,144,163,182,221,465,359,444,484,507,523,366,317,336,362,393,425,495,381,416,470,552,650
10111001,104,98,101,103,107,112,152,109,128,153,175,192,191,119,142,181,226,287,467,335,396,481,545,573,340,283,306,336,372,404,568,374,447,555,683,784
10121001,107,103,105,107,110,112,165,141,152,164,178,193,328,294,311,330,350,368,330,287,301,323,345,381,340,296,310,334,372,398,681,557,610,676,746,807
10122001,104,98,100,104,108,112,157,116,139,158,177,193,229,126,164,215,300,334,427,303,337,422,516,562,343,288,310,338,374,404,631,406,505,641,755,840
10122003,104,98,100,104,107,112,157,116,138,159,177,193,227,126,162,211,298,332,429,304,339,427,518,562,343,288,310,338,374,404,630,406,498,640,755,840
10133000,106,102,104,106,108,110,162,141,151,162,175,184,303,259,278,300,327,353,300,257,272,295,319,341,396,341,371,401,424,441,742,620,673,738,808,872
10134001,106,101,104,106,108,110,160,137,148,160,172,184,318,270,293,318,344,366,297,254,271,290,315,342,385,329,355,384,417,437,695,567,623,691,763,832
10137001,103,97,100,102,106,109,166,138,149,164,181,195,315,276,297,318,337,353,334,269,303,335,356,386,349,298,322,351,378,399,721,609,657,721,780,832
10140001,104,101,102,104,106,107,162,140,150,161,174,186,309,224,284,323,346,366,375,319,334,360,399,469,314,292,301,312,326,339,721,602,652,716,783,848
10142003,106,102,104,106,109,111,160,137,147,159,171,183,328,261,301,337,361,382,356,286,310,341,400,446,315,278,291,310,336,362,711,562,616,691,782,889
10304001,101,94,98,101,104,108,170,135,151,171,188,206,148,97,116,143,176,205,537,425,493,550,588,620,313,267,285,307,337,376,619,472,519,599,704,803
10305001,99,94,97,99,102,105,166,138,150,164,182,199,188,146,167,186,204,226,504,420,463,517,552,571,307,264,276,297,337,367,673,513,582,666,754,843
10306001,96,89,91,95,100,108,193,144,160,188,227,250,130,80,107,131,151,180,594,516,558,595,635,669,275,233,250,275,297,316,738,542,636,741,830,915
10311001,101,93,97,101,104,112,172,137,153,170,188,209,171,97,121,158,209,274,510,364,440,536,587,626,317,260,280,306,344,387,660,496,562,653,748,834
10313001,111,100,105,112,116,119,158,132,145,158,172,185,303,254,289,311,329,344,300,197,240,289,352,393,396,312,346,391,434,489,655,513,588,656,724,791
10322003,100,90,94,101,106,111,181,143,158,177,198,226,118,79,97,116,138,159,609,553,582,609,637,664,272,242,257,273,288,301,613,456,500,577,712,823
10327001,105,91,97,104,113,118,177,143,161,179,196,208,192,67,110,223,262,288,469,273,343,435,619,691,338,238,271,336,390,453,695,582,637,697,755,806
10328001,102,89,93,102,111,118,173,137,154,173,192,208,168,65,94,141,252,297,514,266,386,568,640,687,317,237,262,299,358,438,669,515,593,672,744,808
10340001,93,86,88,92,97,103,170,126,146,168,194,218,104,52,70,99,134,168,618,505,572,622,677,712,275,221,244,275,306,332,711,550,633,712,789,870
10343001,92,86,88,93,96,99,172,130,148,169,195,217,98,56,68,96,123,148,624,547,591,625,673,694,276,242,257,275,292,311,738,640,679,726,782,853
10343002,98,88,93,97,104,110,176,143,160,176,192,209,165,65,102,156,233,276,519,342,427,532,616,676,314,254,276,315,346,382,683,560,614,681,741,804
10344003,100,87,91,99,108,115,173,137,155,174,192,210,173,62,91,151,267,303,511,307,358,541,632,688,314,240,270,314,363,393,679,545,600,673,746,821
10344004,98,87,91,97,105,111,174,136,156,176,193,212,158,60,86,137,233,286,533,320,426,565,645,692,308,236,266,304,347,391,686,549,610,682,755,829
10351001,107,104,105,107,110,111,180,158,168,180,191,202,266,232,248,266,284,298,377,348,359,374,393,417,355,330,344,356,368,378,694,555,623,697,760,819
10356001,110,105,109,111,114,115,176,152,163,176,188,201,301,252,272,294,324,368,357,319,335,354,374,396,341,285,320,347,365,382,659,526,576,644,725,816
10362001,113,103,108,115,118,122,169,143,154,169,184,196,285,242,260,286,315,332,314,259,273,296,341,403,400,341,375,401,427,450,677,580,625,675,726,779
10363002,112,108,109,112,115,117,177,156,165,177,190,201,296,260,276,298,318,330,342,318,328,341,354,368,361,339,349,359,372,388,585,509,539,578,626,672
10364001,107,92,103,110,114,117,172,142,156,172,186,202,256,98,223,284,316,348,403,290,322,357,439,622,339,268,305,345,374,399,664,528,585,654,729,812
10401001,108,104,106,108,110,112,169,141,153,168,184,198,357,234,329,382,404,420,336,264,281,307,363,479,306,270,285,305,327,343,838,697,745,814,903,1015
10405002,105,100,102,104,107,110,175,149,159,174,189,205,281,164,218,302,342,372,425,338,355,405,491,543,293,268,279,292,307,322,877,716,769,850,961,1071
10405005,102,99,101,102,104,105,175,148,158,172,191,207,232,144,169,223,297,323,472,387,411,476,534,561,295,275,284,294,305,316,909,718,779,886,1007,1127
10411002,100,94,97,100,104,106,202,155,171,192,232,264,175,113,140,179,212,230,467,388,413,451,508,575,356,298,336,363,384,399,645,528,598,653,702,746
10414001,101,94,97,101,105,108,184,148,161,178,201,228,189,114,152,196,226,252,464,374,401,446,510,587,346,289,322,354,375,390,683,559,614,678,744,812
10431000,94,90,91,94,98,101,186,150,161,177,208,240,136,90,97,119,182,197,576,526,539,584,611,626,287,265,275,284,299,313,776,635,678,748,863,950
10431001,92,86,87,91,96,99,193,140,161,196,224,242,80,62,68,75,87,110,643,598,628,650,663,674,276,253,263,275,288,301,797,657,708,788,872,947
10432002,92,87,88,91,95,99,188,148,163,185,211,233,103,63,73,95,125,159,612,542,570,616,656,675,284,253,265,280,301,322,761,617,672,751,835,921
10432003,95,90,92,94,96,99,198,152,171,198,225,242,122,78,98,126,144,158,570,512,541,573,602,630,306,277,289,307,324,336,710,606,646,705,764,817
10440000,92,85,87,92,97,100,196,141,166,201,226,242,76,61,67,73,83,91,651,623,638,653,665,677,272,251,261,271,284,295,783,653,698,773,850,931
10503001,110,101,106,111,114,117,163,119,137,162,188,209,140,106,117,135,159,182,552,480,538,565,583,597,307,257,275,299,330,373,504,334,410,501,585,662
10514001,111,102,107,112,116,119,175,121,142,176,205,228,154,109,122,141,170,215,526,398,492,552,577,595,320,261,285,312,348,394,497,296,391,499,594,682
10520001,110,101,106,111,115,118,171,120,140,170,199,222,147,106,119,139,164,197,538,430,517,558,581,597,314,259,280,306,341,386,505,318,403,504,599,683
10523002,109,100,106,111,115,118,172,121,141,172,201,223,146,104,118,137,163,196,539,433,517,559,581,600,314,258,279,306,341,384,509,319,407,509,602,691
10701002,104,97,100,103,109,114,215,191,202,215,227,238,131,111,120,130,142,154,555,502,534,563,582,596,312,277,289,307,331,360,663,539,586,645,725,802
10702002,115,104,110,115,120,126,167,118,136,164,198,220,170,125,139,160,190,228,551,490,535,563,583,599,278,216,250,277,306,342,442,244,311,429,568,650
10704002,113,102,108,114,120,124,174,121,141,174,205,225,165,123,136,155,184,221,549,486,531,561,581,598,284,222,255,283,313,350,473,253,330,481,602,684
11020004,112,108,110,112,114,117,198,162,180,199,218,233,179,150,164,180,196,209,558,531,542,556,573,588,262,230,247,260,272,296,550,419,480,553,617,677
11040001,110,95,103,111,117,123,189,135,157,195,220,236,169,109,137,164,195,233,552,504,531,557,580,599,277,188,236,282,325,352,584,288,380,571,728,883
11130001,101,93,96,100,107,110,229,209,218,229,240,250,145,113,128,145,163,178,526,489,506,526,546,563,328,294,309,327,348,363,1220,888,1000,1198,1393,1588
11141001,121,114,117,120,125,129,173,135,147,165,196,225,231,195,207,223,253,283,578,544,561,579,597,612,190,147,166,190,215,232,365,230,266,339,452,534
11143001,117,110,112,117,121,126,175,137,151,170,198,224,217,179,193,211,233,273,567,532,550,568,586,603,215,160,189,222,241,257,441,252,319,427,543,651
11143002,113,109,111,113,115,117,194,160,177,194,212,229,201,166,180,201,223,237,558,532,544,558,574,584,240,214,226,239,251,268,557,408,471,554,629,702
11147001,109,94,100,110,116,122,202,149,172,209,229,244,179,127,143,173,209,237,546,500,521,547,571,591,274,185,225,274,327,354,755,302,444,672,992,1323
11147002,103,94,98,103,108,112,225,204,213,224,236,249,140,116,125,139,153,169,533,493,513,535,556,570,325,288,298,320,346,375,991,748,848,964,1108,1301
11302001,114,108,112,114,117,121,173,137,150,168,196,220,210,174,190,207,227,248,571,535,555,573,590,607,218,171,196,219,238,257,447,270,324,431,550,650
11307001,111,106,108,111,114,116,202,167,182,202,221,237,189,156,173,189,206,223,544,497,526,552,568,579,266,226,238,257,287,316,657,511,563,640,734,829
11308001,110,102,106,111,115,118,197,147,169,203,225,239,185,138,157,184,210,233,552,500,530,556,578,595,261,191,220,252,302,343,641,311,450,628,788,969
11310001,118,114,116,118,121,124,170,123,140,165,194,228,228,198,212,227,243,263,584,547,565,585,606,622,186,149,164,186,204,224,381,258,297,357,441,539
11310002,117,114,116,118,119,120,216,133,171,230,260,274,233,210,220,231,247,259,560,520,536,565,582,594,206,181,191,204,222,231,530,336,403,518,634,751
11310003,116,112,114,116,117,120,168,118,135,161,195,235,215,177,191,218,236,249,570,543,559,573,586,596,213,187,197,211,228,243,386,256,292,357,449,552
11312001,114,110,112,114,116,117,216,173,196,218,239,253,213,181,199,214,230,243,566,535,551,567,583,594,219,196,205,217,232,247,564,383,443,530,646,784
11315001,111,105,107,111,116,117,208,176,189,209,228,241,187,149,171,189,206,218,534,489,510,536,559,576,278,235,255,283,299,312,767,551,604,729,888,1066
11316001,114,110,112,115,117,119,172,136,149,168,193,217,212,171,189,213,231,249,569,537,558,573,587,599,217,179,194,212,240,262,438,303,348,426,505,586
11317001,115,109,111,115,117,121,176,130,149,171,201,230,211,170,187,212,232,249,566,515,550,572,590,607,222,167,191,217,250,291,453,286,341,434,530,637
11335002,108,100,104,108,112,116,221,192,208,222,236,251,166,136,148,163,182,200,544,498,522,546,568,586,289,238,259,290,316,339,967,581,691,904,1194,1478
11337001,105,94,100,105,111,114,224,198,212,223,237,251,160,134,143,157,174,193,531,487,505,531,558,579,306,248,279,310,336,356,1057,632,778,991,1305,1591
11342001,110,100,105,111,116,118,199,145,169,206,227,242,185,139,155,182,212,236,550,495,523,554,577,598,264,187,218,260,310,343,701,318,442,632,885,1193
11405001,98,92,94,97,101,105,227,206,215,226,239,251,184,155,171,183,199,215,490,453,470,490,510,526,325,301,311,325,337,348,1714,1417,1572,1716,1858,1984
11500002,106,101,103,105,109,112,238,214,223,236,250,264,172,144,158,173,187,200,524,489,505,524,545,562,302,275,287,303,316,328,1293,873,1034,1248,1519,1784
11505001,111,104,108,112,115,117,217,166,197,222,240,255,193,156,172,191,211,232,549,505,526,552,574,591,257,207,228,254,287,310,844,368,524,773,1109,1425
11514001,105,99,101,105,108,112,230,206,217,229,242,257,182,155,168,182,196,211,515,481,497,516,534,550,302,268,281,300,319,340,1204,735,918,1173,1500,1693
11520002,117,111,114,116,120,124,221,169,192,220,244,271,243,206,226,245,263,278,559,505,526,556,588,617,196,161,173,192,218,241,437,218,335,434,516,614
11521001,117,113,114,116,119,122,223,171,208,227,245,266,250,206,234,253,273,286,565,511,530,560,597,630,184,155,166,185,200,212,390,228,314,387,464,545
11530000,115,105,110,114,120,127,208,160,183,210,233,252,206,164,181,203,228,252,568,507,533,567,600,636,225,155,180,222,269,300,634,197,325,507,834,1310
11532000,107,102,105,107,109,112,240,204,220,240,259,275,194,164,177,192,209,227,514,477,496,514,534,551,291,268,279,291,303,316,1249,793,892,1090,1648,1862
11536001,120,113,117,120,125,129,204,165,182,201,223,245,230,193,208,229,251,270,589,518,547,590,633,656,179,135,152,176,204,227,333,127,182,283,431,586
11536004,115,105,110,114,119,127,208,160,183,210,233,253,205,164,180,202,227,251,567,505,531,565,598,635,227,157,182,226,271,300,646,204,330,513,850,1331
11542001,116,106,111,115,120,127,207,161,181,207,232,254,213,167,186,211,238,262,568,505,532,565,601,639,218,151,176,213,258,292,572,175,280,455,715,1179
11545000,115,106,110,115,120,127,208,161,182,208,233,255,211,163,184,209,236,261,568,507,533,567,600,638,220,152,178,215,260,292,585,183,290,459,745,1205
11701001,112,106,109,112,116,119,223,184,200,221,244,266,230,164,201,238,263,282,546,504,524,546,567,588,223,179,199,221,246,269,662,290,391,590,916,1115
11710000,113,105,109,113,117,121,218,176,192,215,240,264,222,155,188,227,256,276,552,508,530,553,575,594,225,178,198,222,252,276,680,232,342,563,962,1249
11711000,112,104,109,113,116,121,218,176,193,215,240,264,222,155,189,227,256,276,551,506,529,553,575,593,226,179,198,223,254,277,698,233,350,581,979,1319
12280002,110,102,106,110,114,117,230,191,208,230,251,271,222,149,176,215,265,308,545,499,520,547,573,590,231,176,206,235,259,277,806,262,389,614,1164,1621
12284002,116,112,114,116,118,120,209,176,189,208,228,244,251,216,233,251,269,284,544,506,522,545,567,582,204,167,184,203,224,243,396,170,218,331,518,729
12284003,119,114,117,119,121,124,190,158,170,186,207,232,255,229,242,256,269,281,560,506,544,569,583,596,184,148,159,175,204,235,306,145,174,234,336,587
12284005,118,115,117,119,121,122,187,161,172,186,201,213,243,209,224,243,261,277,558,504,549,567,580,590,197,166,178,195,216,232,276,169,206,251,309,388
12284006,114,109,111,114,117,120,213,177,191,210,231,253,260,216,242,264,282,297,541,512,526,541,557,570,198,168,181,197,213,229,424,188,244,342,534,780
12284007,117,112,114,118,121,123,197,164,176,193,215,237,254,221,238,255,272,286,553,508,533,558,577,591,192,155,168,189,212,234,333,152,189,258,390,645
12285001,114,111,112,114,115,118,208,189,197,208,219,228,267,239,253,268,282,296,519,494,506,520,532,544,212,193,202,212,223,233,305,220,263,304,344,380
12285003,114,110,112,114,117,119,203,180,190,202,214,227,256,219,236,257,276,292,524,484,501,521,544,570,220,187,203,220,236,253,345,199,258,311,371,490
12286002,102,95,98,103,106,108,225,186,202,223,250,268,190,150,164,179,202,264,552,516,539,557,571,580,256,213,245,261,274,284,1162,392,672,1255,1580,1782
12287001,106,99,101,106,110,112,232,202,217,233,249,262,193,147,164,187,219,249,538,504,519,538,557,572,268,235,252,270,285,299,1205,378,634,1302,1723,1916
12288002,101,96,98,101,104,107,241,218,229,241,253,266,175,142,160,174,188,208,532,481,508,540,558,570,292,254,270,290,312,330,1813,1586,1683,1793,1919,2086
12288003,103,98,100,103,106,108,242,218,230,243,255,264,162,135,147,161,178,190,553,525,537,551,572,585,284,263,273,284,296,307,1639,1275,1424,1682,1863,1958
12288004,100,96,97,100,102,106,241,217,228,241,254,265,177,147,160,174,191,217,523,475,499,524,552,565,299,262,279,299,318,334,1849,1630,1712,1824,1961,2141
12289001,114,105,111,115,119,123,204,168,183,201,224,247,243,182,222,250,270,287,547,503,525,549,571,587,209,160,177,205,236,267,505,167,221,315,562,1253
12289002,116,110,114,116,121,123,198,165,179,196,215,237,252,215,236,254,272,287,548,502,525,552,574,589,198,158,173,196,221,243,355,151,203,276,404,677
12291001,111,104,108,111,115,117,205,181,190,202,215,233,249,201,233,256,274,289,526,493,507,523,544,568,223,196,208,223,237,251,455,237,290,349,466,887
12400003,116,110,113,116,118,121,178,154,166,178,192,203,243,214,226,243,260,273,520,483,502,523,540,553,235,210,221,235,249,260,267,164,202,246,299,367
12400004,114,108,111,114,116,119,183,153,166,180,197,221,250,219,234,252,268,280,506,470,487,505,525,543,243,216,229,244,257,268,378,192,243,311,408,744
12448001,107,98,103,109,112,114,235,200,217,235,255,270,210,151,169,218,241,264,546,505,523,545,569,586,243,214,224,243,260,274,1340,706,1026,1326,1691,1929
12452001,104,98,102,104,106,108,228,198,211,227,242,262,203,166,190,205,221,233,545,506,523,544,564,583,251,230,240,250,262,273,963,715,797,925,1088,1285
12561001,110,107,109,110,112,115,236,194,212,236,261,280,221,188,199,218,243,260,522,481,500,524,547,561,256,237,245,254,267,278,1074,756,865,1027,1230,1495
12563001,102,95,98,102,104,108,241,212,224,241,257,272,177,154,162,173,186,207,569,546,559,572,582,591,252,229,243,255,264,272,1595,1329,1456,1603,1724,1837
12582001,105,99,102,105,109,111,242,207,224,243,261,277,195,160,175,193,218,232,566,540,553,567,580,590,237,212,223,237,251,262,1509,1129,1291,1514,1729,1894
12585001,111,107,109,111,113,116,217,183,196,214,236,257,229,197,210,229,249,264,517,478,493,512,541,563,254,229,239,251,269,283,768,440,495,573,1016,1459
12586001,109,106,108,109,111,112,210,184,196,211,224,236,256,231,244,255,268,280,471,446,459,472,483,494,273,257,265,274,282,288,715,447,488,625,922,1136
12600001,105,98,101,106,109,112,219,180,199,220,240,256,237,188,206,243,266,283,513,455,484,518,547,564,248,221,234,249,263,275,912,570,744,903,1084,1261
12622001,114,107,110,113,118,122,202,168,183,202,221,237,262,228,247,264,281,295,488,445,463,487,513,534,248,212,231,250,266,279,581,196,318,460,844,1126
12660001,122,118,120,122,123,126,158,138,147,158,169,179,221,173,191,223,249,268,557,474,498,543,616,663,221,139,176,232,262,283,352,169,219,299,481,604
12802001,119,116,118,120,121,122,194,170,180,193,206,219,311,273,292,313,332,345,438,393,413,437,464,487,250,227,235,247,262,275,397,271,316,385,467,546
12805001,117,113,115,118,120,122,185,144,170,188,206,221,295,269,281,296,309,320,453,419,437,454,474,488,251,228,235,246,262,281,535,303,415,501,633,838
12806001,116,111,113,115,119,123,177,128,152,182,201,216,293,268,280,294,308,320,457,423,438,456,476,494,248,223,234,247,263,277,610,229,379,564,839,1001
12820001,108,103,105,108,111,113,224,199,211,223,237,250,216,191,202,214,233,243,523,491,505,520,539,563,259,227,239,261,279,290,1346,1169,1249,1348,1441,1518
12825002,108,97,105,109,112,115,217,183,198,215,235,252,244,178,209,248,280,304,475,386,426,483,519,549,279,247,261,276,296,321,846,488,595,769,1102,1315
12861001,121,118,120,121,123,124,157,130,143,157,172,186,320,277,302,325,342,355,310,228,268,311,352,387,369,290,328,364,408,452,247,169,192,227,289,344
12863002,119,116,118,119,121,121,162,127,148,166,182,191,296,263,280,297,309,327,411,373,399,417,431,442,291,270,280,291,303,314,377,252,288,373,454,512
12865001,117,114,115,118,119,120,188,169,178,187,197,207,284,253,269,286,303,317,423,394,407,422,437,454,292,260,278,293,307,321,493,341,405,464,542,674
12872001,117,113,114,117,119,121,176,145,161,178,193,204,291,264,278,292,306,318,431,410,420,431,443,454,276,245,258,274,293,311,424,272,325,393,475,583
12876001,110,104,108,111,114,116,194,154,170,194,217,234,271,231,253,273,292,308,456,412,430,454,478,502,272,245,259,272,286,300,750,424,541,730,932,1104
12876004,112,110,111,113,115,116,199,179,187,200,211,223,297,280,288,297,307,316,389,370,379,389,399,410,312,293,304,313,322,330,540,405,456,526,605,704
12878001,112,107,109,112,115,117,200,176,188,200,212,225,288,257,272,289,305,317,419,382,397,417,440,460,292,261,276,293,308,323,592,396,456,562,690,828
12930001,101,95,96,102,105,108,241,218,231,241,254,268,171,153,161,170,180,189,548,531,540,549,557,565,280,264,272,282,290,296,1262,1042,1148,1239,1366,1563
