ID,top_s_dem_com_none_b_none_c_c,top_s_dem_cc_none_b_none_c_c
1001001,1.886,0.285
1001002,2.184,0.213
1001003,2.0,0.254
1020002,2.266,0.198
1020003,2.569,0.154
1021001,2.276,0.196
1021002,1.915,0.27699999999999997
1041002,2.434,0.171
1044001,2.617,0.14800000000000002
1050002,2.4090000000000003,0.175
1050004,2.474,0.166
1201001,1.8980000000000001,0.282
1201003,2.142,0.221
1201005,1.935,0.271
1210001,2.509,0.161
1211001,3.14,0.10300000000000001
1300009,2.2640000000000002,0.198
1310002,2.556,0.155
1410004,2.6289999999999996,0.147
1502002,2.456,0.168
1502008,2.187,0.212
1610004,2.276,0.196
1730002,1.848,0.297
1730003,1.8630000000000002,0.292
1730007,1.921,0.275
1730012,1.8969999999999998,0.282
2101001,2.122,0.225
2103001,2.492,0.163
2103002,2.6689999999999996,0.142
2103014,2.169,0.21600000000000003
2104002,2.8280000000000003,0.127
2104003,2.886,0.122
2104013,2.883,0.122
2105001,2.197,0.21
2105002,2.303,0.191
2105005,2.4330000000000003,0.171
2105007,2.627,0.147
2110001,2.9589999999999996,0.11599999999999999
2110002,2.9589999999999996,0.11599999999999999
2110004,3.02,0.111
2110031,2.8310000000000004,0.127
2112005,2.8930000000000002,0.121
2112006,3.012,0.11199999999999999
2112007,3.342,0.091
2113001,2.128,0.22399999999999998
2120001,2.861,0.124
2510001,2.719,0.13699999999999998
3022001,3.161,0.102
3041001,2.13,0.22399999999999998
3041002,2.097,0.231
3041003,2.492,0.163
3041004,2.252,0.2
3041005,2.458,0.168
3050001,2.184,0.213
3404001,3.1430000000000002,0.10300000000000001
3414001,2.457,0.168
3421001,2.242,0.20199999999999999
3430001,2.681,0.141
3430003,2.677,0.142
3431001,2.7689999999999997,0.132
3434003,2.725,0.13699999999999998
3450001,2.506,0.162
3453001,2.785,0.131
3802001,2.21,0.20800000000000002
3804002,2.26,0.19899999999999998
3806001,2.146,0.22
3814003,2.147,0.22
3815001,2.597,0.15
3815002,2.362,0.182
3820001,2.36,0.182
3820002,2.39,0.17800000000000002
3820003,2.4730000000000003,0.166
3825001,2.853,0.125
4301002,2.2880000000000003,0.19399999999999998
4302001,2.16,0.217
4308001,2.594,0.151
4311001,2.408,0.175
4313001,2.171,0.215
4314002,2.029,0.24600000000000002
4320001,2.38,0.179
4323001,2.487,0.16399999999999998
4501001,2.036,0.245
4503001,2.465,0.16699999999999998
4511002,2.1519999999999997,0.21899999999999997
4512001,2.178,0.214
4513001,2.355,0.183
4514001,1.972,0.261
4515002,2.084,0.23399999999999999
4520001,1.694,0.354
4522002,2.248,0.201
4523002,2.125,0.225
4530001,1.9,0.281
4531002,2.181,0.213
4532001,1.93,0.273
4533002,2.45,0.16899999999999998
4537001,2.2880000000000003,0.19399999999999998
4558001,2.242,0.20199999999999999
4703002,2.316,0.18899999999999997
4704001,1.8530000000000002,0.29600000000000004
4704002,2.021,0.248
4711001,2.4130000000000003,0.174
4712001,2.029,0.24600000000000002
4714001,2.231,0.204
4716004,2.569,0.154
4721001,2.028,0.247
4723001,2.077,0.235
4726001,2.339,0.185
4730001,2.592,0.151
4810001,1.91,0.278
4810005,1.857,0.294
4810006,1.926,0.273
5100001,2.013,0.25
5101001,1.926,0.273
5110002,2.262,0.198
5120001,2.506,0.162
5200001,2.002,0.253
5221002,2.456,0.168
5320001,1.8530000000000002,0.29600000000000004
5401003,2.121,0.226
5402001,1.9669999999999999,0.262
5402015,1.94,0.26899999999999996
5403002,2.043,0.243
5406001,2.04,0.244
5410002,2.148,0.22
5410005,2.44,0.17
5411001,1.825,0.305
5414001,1.8840000000000001,0.28600000000000003
5421002,1.784,0.319
5423003,2.26,0.19899999999999998
5701001,2.061,0.239
5701002,2.281,0.195
5702001,2.026,0.247
5703006,1.588,0.40299999999999997
5704002,2.238,0.203
5705001,2.055,0.24
5706001,2.21,0.20800000000000002
5707002,2.362,0.182
5710001,2.52,0.16
5716001,2.173,0.215
5720001,2.112,0.228
5721001,2.0709999999999997,0.237
5721016,2.077,0.235
5722001,1.778,0.321
5722002,1.8619999999999999,0.293
5730008,1.712,0.34600000000000003
5734001,1.969,0.262
5737002,1.965,0.263
5741001,1.942,0.26899999999999996
5746001,2.131,0.223
5748001,2.457,0.168
6000003,1.9609999999999999,0.264
6002001,2.095,0.231
6003001,1.979,0.259
6006001,1.913,0.27699999999999997
6008005,2.079,0.235
6011001,1.93,0.272
6013001,2.019,0.249
6015001,2.891,0.121
6018001,2.435,0.171
6019003,2.271,0.19699999999999998
6027001,2.028,0.247
6028001,1.97,0.261
6033011,1.922,0.275
6034022,1.864,0.292
6034023,2.498,0.163
6035001,3.013,0.11199999999999999
6043001,2.06,0.239
6132001,2.412,0.174
7102005,1.854,0.295
7103001,2.249,0.201
7104002,1.989,0.256
7112001,2.9160000000000004,0.11900000000000001
7115001,2.6910000000000003,0.14
7116001,1.9909999999999999,0.256
7123001,3.4589999999999996,0.085
7200002,2.086,0.233
7300001,1.91,0.278
7303000,2.426,0.172
7306001,2.14,0.222
7308001,1.786,0.318
7308002,2.431,0.172
7317003,2.682,0.141
7317005,2.432,0.172
7320003,2.108,0.228
7321002,2.492,0.163
7322001,3.0410000000000004,0.11
7330001,2.251,0.2
7332001,2.779,0.131
7335001,3.4530000000000003,0.085
7335002,3.404,0.08800000000000001
7336001,2.8289999999999997,0.127
7339001,3.085,0.107
7341001,2.667,0.14300000000000002
7343001,2.62,0.14800000000000002
7350001,1.949,0.267
7350002,1.733,0.33799999999999997
7350003,2.053,0.24100000000000002
7354002,2.024,0.248
7355001,2.1790000000000003,0.214
7355002,1.6669999999999998,0.365
7355003,1.8259999999999998,0.304
7357002,3.42,0.087
7358001,2.322,0.188
7359001,3.0789999999999997,0.107
7372001,3.092,0.106
7374001,2.201,0.209
7379002,2.177,0.214
7381001,2.174,0.215
7383001,2.9610000000000003,0.11599999999999999
7400001,2.589,0.151
8104001,2.158,0.218
8105001,2.575,0.153
8106002,2.4859999999999998,0.16399999999999998
8112001,2.713,0.138
8114001,2.325,0.188
8117005,3.458,0.085
8117006,1.909,0.278
8123001,2.286,0.19399999999999998
8124001,2.6319999999999997,0.146
8124002,2.363,0.182
8130001,2.1919999999999997,0.21100000000000002
8130002,2.202,0.209
8132001,2.88,0.122
8134003,2.64,0.146
8135002,2.69,0.14
8140002,2.843,0.126
8141001,2.988,0.114
8144001,2.7110000000000003,0.138
8210003,2.161,0.217
8220001,2.404,0.17600000000000002
8220008,2.252,0.2
8220009,2.2769999999999997,0.196
8220010,2.2159999999999997,0.207
8304001,2.5989999999999998,0.15
8307002,2.271,0.19699999999999998
8308000,2.204,0.209
8312000,2.411,0.175
8312001,2.338,0.18600000000000003
8313000,1.73,0.33899999999999997
8313001,2.378,0.179
8316002,1.944,0.268
8317001,2.642,0.145
8317002,1.99,0.256
8317004,2.506,0.162
8317005,2.571,0.153
8319001,2.9219999999999997,0.11900000000000001
8323001,2.947,0.11699999999999999
8323002,2.77,0.132
8324002,3.133,0.10300000000000001
8330001,2.7030000000000003,0.139
8332001,2.705,0.139
8334001,2.875,0.12300000000000001
8342001,3.404,0.08800000000000001
8343001,2.784,0.131
8351001,4.053999999999999,0.062
8356001,2.509,0.161
8358001,3.532,0.081
8362001,2.336,0.18600000000000003
8366002,2.4219999999999997,0.17300000000000001
8372002,1.83,0.303
8376001,2.653,0.14400000000000002
8380001,2.5989999999999998,0.15
8380006,2.6069999999999998,0.149
8381003,3.215,0.098
8383001,3.46,0.085
8393002,2.19,0.212
8394001,3.068,0.10800000000000001
8700002,2.156,0.218
8700003,2.153,0.21899999999999997
8720001,2.565,0.154
8820001,2.274,0.196
8821001,2.27,0.19699999999999998
8821002,2.334,0.18600000000000003
8821003,2.061,0.239
8821006,2.339,0.18600000000000003
8822002,2.191,0.21100000000000002
8910001,2.0980000000000003,0.23
9101001,2.864,0.124
9101002,2.7460000000000004,0.135
9102001,2.677,0.142
9104001,3.475,0.084
9104002,2.641,0.146
9106001,3.392,0.08800000000000001
9107001,3.0660000000000003,0.10800000000000001
9113001,3.983,0.064
9116001,3.452,0.085
9122002,2.42,0.17300000000000001
9123001,2.055,0.24
9126001,2.411,0.175
9127001,2.524,0.159
9129002,2.524,0.159
9131001,2.515,0.16
9134001,2.352,0.183
9135001,2.404,0.17600000000000002
9140001,2.575,0.153
9400000,2.199,0.21
9402001,2.289,0.19399999999999998
9404001,2.539,0.157
9405001,2.11,0.228
9412001,2.362,0.182
9414001,2.775,0.132
9416001,2.094,0.231
9420001,2.275,0.196
9423001,2.585,0.152
9433001,2.017,0.249
9434001,2.292,0.193
9436001,2.356,0.183
9437002,2.761,0.133
10100002,3.011,0.11199999999999999
10100006,2.338,0.18600000000000003
10102001,2.7889999999999997,0.13
10111001,3.301,0.09300000000000001
10121001,2.399,0.17600000000000002
10122001,3.5860000000000003,0.079
10122003,3.515,0.08199999999999999
10133000,2.41,0.175
10134001,2.7089999999999996,0.138
10137001,2.622,0.14800000000000002
10140001,2.381,0.179
10142003,3.015,0.11199999999999999
10304001,2.727,0.136
10305001,1.8719999999999999,0.29
10306001,2.4419999999999997,0.17
10311001,2.825,0.127
10313001,3.8110000000000004,0.07
10322003,2.1109999999999998,0.228
10327001,2.6310000000000002,0.147
10328001,2.805,0.129
10340001,2.281,0.195
10343001,2.45,0.16899999999999998
10343002,2.984,0.114
10344003,3.097,0.106
10344004,2.7119999999999997,0.138
10351001,2.5140000000000002,0.161
10356001,2.772,0.132
10362001,2.7489999999999997,0.134
10363002,3.1239999999999997,0.10400000000000001
10364001,3.0860000000000003,0.107
10401001,2.5980000000000003,0.15
10405002,2.032,0.24600000000000002
10405005,2.029,0.24600000000000002
10411002,2.86,0.124
10414001,2.5989999999999998,0.15
10431000,2.068,0.237
10431001,1.858,0.294
10432002,2.294,0.193
10432003,2.3209999999999997,0.188
10440000,1.778,0.321
10503001,2.358,0.182
10514001,2.7110000000000003,0.138
10520001,2.741,0.135
10523002,2.737,0.135
10701002,2.391,0.177
10702002,2.489,0.16399999999999998
10704002,2.65,0.145
11020004,2.0340000000000003,0.245
11040001,3.2060000000000004,0.099
11130001,1.9069999999999998,0.27899999999999997
11141001,2.33,0.187
11143001,2.4659999999999997,0.16699999999999998
11143002,2.513,0.161
11147001,3.156,0.102
11147002,1.9040000000000001,0.28
11302001,2.323,0.188
11307001,2.4330000000000003,0.171
11308001,2.447,0.16899999999999998
11310001,2.259,0.19899999999999998
11310002,3.022,0.111
11310003,2.292,0.193
11312001,2.585,0.152
11315001,2.241,0.20199999999999999
11316001,2.459,0.168
11317001,3.034,0.11
11335002,3.031,0.11
11337001,2.541,0.157
11342001,2.65,0.14400000000000002
11405001,1.999,0.254
11500002,2.207,0.20800000000000002
11505001,2.492,0.163
11514001,2.146,0.22
11520002,2.275,0.196
11521001,1.8359999999999999,0.301
11530000,2.68,0.141
11532000,2.847,0.125
11536001,2.719,0.13699999999999998
11536004,2.71,0.138
11542001,2.937,0.11800000000000001
11545000,2.94,0.11699999999999999
11701001,3.0789999999999997,0.107
11710000,3.2680000000000002,0.095
11711000,3.341,0.091
12280002,2.8960000000000004,0.121
12284002,2.741,0.135
12284003,2.705,0.139
12284005,2.766,0.133
12284006,2.398,0.17600000000000002
12284007,3.216,0.098
12285001,2.371,0.18100000000000002
12285003,2.178,0.214
12286002,2.09,0.23199999999999998
12287001,2.73,0.136
12288002,2.775,0.132
12288003,2.576,0.153
12288004,2.253,0.2
12289001,3.1830000000000003,0.1
12289002,3.478,0.084
12291001,2.659,0.14400000000000002
12400003,4.467,0.051
12400004,3.142,0.10300000000000001
12448001,2.8789999999999996,0.122
12452001,2.804,0.129
12561001,2.313,0.19
12563001,2.154,0.21899999999999997
12582001,2.781,0.131
12585001,2.593,0.151
12586001,2.097,0.231
12600001,2.556,0.155
12622001,2.5869999999999997,0.152
12660001,3.408,0.087
12802001,3.693,0.07400000000000001
12805001,3.1039999999999996,0.105
12806001,4.124,0.06
12820001,2.4530000000000003,0.16899999999999998
12825002,3.367,0.09
12861001,3.0460000000000003,0.109
12863002,2.853,0.125
12865001,2.367,0.18100000000000002
12872001,2.972,0.115
12876001,2.821,0.127
12876004,2.476,0.165
12878001,2.7489999999999997,0.134
12930001,1.8980000000000001,0.282
